995.640385966

949.030371315

985.330660015

1047.00085617

1004.16405292

943.585499748

1000.72792975

1055.7136482

932.044249239

1050.27032085

917.946672292

970.572871552

1067.23811194

1008.32188284

1033.75591585

1067.73264844

1039.76605712

840.239788108

847.522215478

995.970220367

1038.224832

916.41654709

978.499810644

986.544895458

1019.71071823

949.148796071

1005.45583689

1040.26757038

974.762196147

988.528477068

1150.58429555

1093.90226017

1065.94713941

1045.52810439

966.028959497

1094.6290078

1013.89035782

1087.19895404

1022.37875595

1051.73729749

1063.39405456

1041.80321896

938.454463889

1016.69818925

926.948955175

940.967088439

1106.24157927

972.478335303

955.636800778

987.177514572

1042.3134646

952.298250432

965.008422198

982.025356634

1009.48121333

993.014489815

889.889407927

1041.82462341

940.70605796

1096.63533689

969.622555276

1019.24457519

987.21718285

939.72765227

1092.41311389

1041.13193633

1027.02135964

942.333971031

982.787493411

946.46249532

948.800041918

956.463113208

1009.55675901

1015.84263836

1078.12472393

1038.40793461

1020.43553786

1041.48065048

1003.73054485

1076.94123896

1059.81540986

951.950419378

1128.09829864

1003.06946376

1009.10242371

1009.2916135

1011.17789811

964.900429772

979.166472157

996.359057462

990.139747361

1033.42620633

1008.85670721

990.646264431

1075.90313635

1117.16596331

976.863654763

935.890611962

864.943348315

1004.05338914

950.697777906

1073.1838085

956.668397262

1043.04778439

1049.84077487

1028.85113449

1043.54287289

1010.24025415

998.005970986

958.648394628

864.169321086

1006.53138239

996.270268887

1072.54536809

965.072201419

971.365620549

938.900092838

1083.40416396

1088.78369388

1039.79655747

1037.35979254

1083.08660755

1024.70322536

1108.87879532

1015.12541961

911.840627954

868.519839373

1073.57986145

918.687329769

980.722375911

914.626908387

950.702993128

1040.67079032

1026.19707005

876.799543932

1040.73910843

1028.36297035

867.275840557

1109.777753

1016.5909975

961.747486795

1050.57318461

973.462733738

1056.00306485

906.54512254

1047.95115477

994.414016633

923.371027314

1080.81581029

1005.8669791

1082.87147778

1045.28710225

1067.29378779

939.434156769

945.561979312

988.594196665

976.817017993

1013.66754363

1034.09382568

1037.6574616

1024.53540517

1052.14290869

983.949250943

1046.37439875

1069.60229782

1017.5943245

1022.69393735

886.158901056

918.514069111

1013.46839667

1053.64213214

932.684863272

1088.3412881

1013.28551995

1013.16103002

1101.33799949

1043.25276495

988.579115522

968.87648801

966.353818483

1068.29084697

921.475235116

1061.84823984

948.492462519

1041.60916374

952.643709001

998.618486373

1015.57037175

1037.69156581

899.327863763

981.907534491

955.320140158

1010.57538967

977.342107097

1004.06401319

948.478372251

1041.01219563

1080.47834854

1027.80912125

1057.95891885

855.839159216

1018.67446977

931.663914409

957.973614825

1125.47259664

1061.85138978

984.742827705

876.894732379

1033.25856172

1036.36593462

1100.54865866

1049.93192707

912.72448589

989.635551175

946.621380943

891.929804282

1046.41445664

945.327429981

972.867467666

952.531522091

931.613273321

960.84886446

1014.02841045

977.219587998

1114.54646153

932.736359711

915.510348928

1002.23333556

920.365666768

1065.69604016

962.106831331

1105.3022373

1045.87404208

1023.95072492

955.852271653

1021.03126073

990.02235151

979.318273686

945.430836289

1070.11040392

984.031861631

977.826977376

976.013385156

1039.45774475

963.675802223

980.476077036

939.81419246

929.066927564

1102.05181379

1119.32281044

967.166193678

906.182669858

986.014821575

997.211918613

1059.59938046

978.747890232

994.913326199

934.968951815

920.116730568

871.395685132

917.668695156

986.396808454

1029.80334937

993.777626891

957.568607035

1032.70416645

1096.09739676

1007.16734801

1036.30989467

944.133088847

1065.44328962

1015.98222172

932.166432483

1006.98600266

1079.22612837

1028.73249322

1099.52334771

1016.56215717

920.73442485

1090.15207621

937.112316445

1048.931811

1003.62052787

1006.66858168

933.088527974

965.046657192

1038.93024708

1042.95015187

1044.46390237

1054.14515933

984.258101745

957.157403662

936.940981532

951.251522019

1038.15738118

1062.33162267

1004.27535738

972.89109685

1117.92556391

969.445402904

964.08001524

974.921448997

949.197097884

1047.3429953

1016.48506334

1095.17271957

1058.11188471

976.434510212

989.003268824

1075.35889126

1037.4455561

1125.26363904

1002.81018261

989.26376562

1035.07975119

958.586936288

1059.94016961

1030.38288182

1117.29627769

906.654077712

1059.79649896

1070.16585037

988.709368399

908.321229145

878.641885581

1061.79612159

1002.53349805

968.415699296

1002.53745809

1023.34793399

954.251481266

891.334991074

872.269499867

1029.27270618

1088.90927562

941.239355644

1063.91876354

998.562460085

1014.87876196

990.985606213

1100.07324582

1048.87553203

1094.3877703

1052.43758631

962.006572304

917.883625196

1007.3434388

1076.12039787

1049.25477357

878.480143689

950.45316601

1088.18118042

996.201402248

990.927501665

884.186399475

1088.44674189

1033.87507492

892.026807737

971.860960511

973.501297544

971.096601197

974.713714487

1038.20650889

951.416452985

1058.12799919

1036.87364959

1019.38640504

920.206336409

1010.98210685

989.17852612

982.487404699

1037.95283388

1019.37797151

1001.64206732

1011.72346959

1006.48094702

977.551614661

915.192786251

1073.42919509

1103.68542635

938.36118899

982.213065956

1022.68998224

967.901625824

986.318649704

952.356645532

928.562576726

970.179729204

1017.65718485

978.332478448

940.584990955

886.90945885

1010.5705567

1011.10869128

1144.79490675

967.579133027

878.337949996

955.914286693

1120.57567222

986.143814117

944.430825404

1071.16869033

841.596381033

1092.50575678

977.009445286

1084.7057799

1019.91151013

1008.70686564

1021.88797851

1051.86294207

1052.94646689

943.200672679

957.633029742

1053.59351429

1119.25899332

984.3399873

863.808213452

1045.32204697

975.902814529

1073.01159234

964.937964631

1058.95395923

1026.28902142

983.387338689

993.55082367

984.092659382

1082.72188736

999.473882337

978.330686425

979.910607821

923.212868754

952.2053526

1145.78637461

1161.97654192

1018.08808686

983.071058253

1094.70675821

1068.26510629

1036.91655536

945.065810423

929.680156619

1080.7577305

1024.35584827

939.426495445

990.63351696

1072.57154188

1066.20528863

1082.47707834

1115.99417068

977.722623173

1015.45651887

1021.06755847

920.826415521

920.669722111

988.504981655

1056.50951258

928.990620846

991.488322174

1016.51849646

1092.32115398

908.178989211

1085.18512188

1121.07988211

1045.64191011

984.113007608

1064.20946623

944.371909823

906.746067662

967.918129092

1040.54562736

939.540022456

1145.99583885

892.043235274

1068.00079225

1030.1956074

860.824193956

940.616988984

1055.07986885

1011.99756408

1053.18390316

1004.40339943

1021.67689821

1143.91315303

1040.44532887

1047.26322102

972.157222284

940.029528276

1055.82685385

970.986408704

1031.30025019

976.921509687

939.768654038

960.794964827

982.725062855

1043.26979516

1080.60212428

967.922549268

1039.5188923

973.292816044

1022.48624661

997.266279608

966.473115289

1031.48827977

1024.1387026

1007.12282726

995.909568498

1029.0241197

1077.70960884

1028.99253747

1014.71493188

1067.16283768

1059.81662602

957.301277511

991.155650509

1013.12620242

1006.22895991

1007.99950683

970.305508482

1018.36229614

1126.21123896

979.851370109

957.385679539

1018.67472149

1095.17761517

1095.88666357

1013.27565238

994.013236371

1104.9284219

952.572652009

1025.25275293

1080.1406139

1008.46473228

978.781206777

945.601757778

1154.14278536

937.739350555

897.99963871

1033.17281679

973.064843064

1003.88395637

1028.82867066

881.930684497

959.405827612

1035.37139874

850.902811786

1014.59065488

839.709464884

965.753379042

1029.18873992

987.221582924

992.621412432

1003.16646381

973.792421091

992.508238671

988.723556554

1062.1620706

1013.67491584

885.78107676

1027.35156048

1045.89099576

1072.83219464

960.282444645

1055.74880842

1061.8871816

1008.84104858

906.05097315

998.851052597

958.996278266

906.518020105

988.24167795

1092.46009791

967.393289858

848.580874056

1069.89347741

1028.75416847

1077.82340539

1002.68993278

1007.9317757

976.049379855

986.64981181

1076.94116651

1020.23418607

1104.62785827

1075.6813789

922.083002708

1063.51241473

1066.87307693

950.895653409

1016.43795001

978.74193316

1013.56541617

1070.40021263

992.868202232

944.289528368

946.315732174

1073.76906838

1011.96847024

932.032774164

1022.26081101

946.855812774

1087.38136583

999.108289618

958.00900875

939.550518278

944.871682159

942.398799533

1071.03793392

922.217361586

1106.98423593

998.432856979

1025.17792628

946.347403831

1009.55512003

916.507571533

1008.23871365

1029.1604418

1077.43712553

1010.98870744

935.603952672

967.006269842

903.871990356

981.901530173

903.10664053

920.746581704

958.724879673

992.523995239

961.758039965

1057.49544309

977.672310964

983.510445452

1035.68450682

964.452435497

1007.7479328

978.474962842

1011.26851203

1061.36784491

982.289351778

1016.87180858

1050.87950795

1044.02046716

965.935278499

1101.05957202

1063.7209386

1070.91506367

1035.15280865

1085.40776068

1029.78916962

987.463309817

988.079999481

1065.91402945

905.568596318

959.80309918

1015.49633722

1059.11494478

1001.07330147

1056.88093407

1090.49521402

986.53926698

1032.03241097

950.581696237

1051.64629297

998.786682786

954.129130757

973.290248185

1005.27156757

1111.11520299

903.015694433

1034.1552167

1029.53364981

1101.05413432

919.713140995

1020.38363029

1061.76113119

1116.81513441

1040.89422368

991.838234348

1114.41541212

1078.35047372

994.851720147

970.239698801

1082.20513978

1025.72233565

970.925758073

1031.48307127

1026.68343069

996.327612738

928.081965734

975.720284783

1032.03752496

1023.31599167

1089.04727598

957.067702446

894.841676657

958.873538514

1021.14383781

853.553286123

930.220643323

1003.01685102

1039.32698306

944.502593385

1072.98988495

1126.42221539

942.861263146

1090.03055845

1083.63199501

926.644742647

976.699470031

1092.11107267

1021.24955281

987.519202879

977.77304302

1046.55051639

975.45329879

965.811016391

968.687039271

1082.59055782

936.338049902

1066.28512914

1023.72222689

1039.63881703

946.532041774

993.429481166

990.789589403

959.657376995

927.183427767

1072.63670638

990.702165039

1052.67552293

970.339017452

1022.3658033

1049.58124954

1076.64999868

988.491174557

972.050591739

1019.51216311

1077.31201817

993.899862792

995.394816964

1041.15026741

1037.8693703

955.086977151

956.568020831

962.488278866

929.331982011

905.835623075

1046.93074137

1006.43942969

931.485028652

1132.34121444

1039.63219968

976.404637925

1005.38734836

871.592662908

974.646540735

962.294096683

908.482692657

956.143653479

969.223936398

1003.29720287

953.23005734

1021.43440589

988.158910389

967.790123109

1090.29657668

1071.32414994

1026.92138915

1002.83620039

984.528127281

874.054899321

1036.89750094

965.549962735

954.003378781

1030.79731284

901.570420881

1055.58382235

991.522368113

921.328976165

920.294572026

1026.33946706

1003.64523235

1018.84984161

1089.12087566

1033.65047056

1057.66878319

1059.06850952

1085.63375342

1017.11016546

999.864738925

1076.37340339

956.741026447

1071.07966171

1058.87444855

990.777368018

1024.54033724

922.011358004

1105.29259278

1074.61615954

930.583959461

995.126353966

986.58361939

1045.380638

1023.57898606

917.84004919

941.524366188

1066.79703412

984.248580614

867.707880073

969.518125973

1056.559846

1064.15994119

1055.17689205

1037.77599163

993.927241591

1039.75964061

1025.47383175

1073.13982582

993.535138287

1059.9811907

923.392694467

1045.46899035

1080.09699466

992.504666029

1012.63638986

963.929747979

1049.22893878

1034.80376404

966.548268332

1004.10369283

1044.17446518

1039.25359876

1006.57747723

892.772575354

1032.53605308

1050.65641114

904.200835364

1009.37670529

984.973253214

1038.94108511

983.024646304

1092.91113861

1001.94252526

874.226369658

1069.17291006

1025.54546067

1110.36192025

967.078190334

1006.16198951

906.036144793

982.134721314

1033.0499095

1041.54478607

932.864669366

1019.24328489

1033.51984429

935.358153655

1085.64962692

954.898242716

1069.13648889

1116.92368196

956.297841441

1053.23602099

1042.98389278

1012.49058848

1015.29634525

953.751622026

994.9071171

943.28622327

1033.62727854

980.488436459

1027.43891574

989.850268643

1040.97907001

1036.32162568

1048.18958943

1030.96881053

1053.6886789

1001.95417125

868.583859099

980.705755228

1015.17177691

999.110288239

939.71489468

981.738561873

974.742007821

1108.12993488

1014.96086083

1022.8762961

966.263424573

969.854210191

993.982632072

974.401686765

1006.42842901

964.920485431

953.69822892

1046.75521137

1003.5931716

1091.86072927

1065.11839696

1013.49683106

1018.25240396

980.171856547

1004.05939312

986.863534954

916.228839581

1048.65507193

921.840156891

1026.48242896

1025.24223715

1034.65621975

1051.13505983

959.394143102

978.566307115

974.416494555

984.120300423

994.713045052

994.410099965

998.159824904

1007.24211813

998.07524097

965.002412194

1001.30097999

1011.00030987

1030.39502889

963.532131642

1055.15434768

1018.84946531

1046.21877022

992.443327437

1070.78798939

997.842096145

963.6021071

934.255279277

984.456891559

1052.15460079

976.644769436

920.772268433

1050.07203211

921.262266296

1024.42208427

888.579833579

963.571433836

979.800747647

971.601274517

1033.80435966

1000.85656239

1127.75720727

1009.07267938

1083.5827775

1094.54472633

974.571441979

1018.10076603

976.404021548

1032.5602501

1048.82451699

999.706518576

975.164923277

974.992141318

971.629789201

888.423545334

890.782447404

1014.67240455

981.934836962

1117.90097809

1080.0748159

937.606207158

991.595733792

993.626644447

928.627335606

1028.40430935

1044.74783902

1083.75427222

1005.38498048

969.086591037

1095.28201518

1010.22058911

912.090691138

995.549417406

1081.16476743

1007.23145093

1014.45784665

955.530468532

1080.32112841

1044.94660998

1011.2010748

944.227430374

913.669674228

925.095038857

1074.43404811

904.317349341

1009.96280445

950.935495369

1052.16148684

1048.70846732

962.377161245

934.269582214

944.964737203

1009.3206406

948.474207459

998.005010377

886.573792056

1021.71751739

925.741267769

979.337965739

994.512598468

1140.02533548

1064.69475958

1003.98956515

1007.286133

1006.7410088

795.302195484

962.85198467

972.895529552

1031.54757222

1058.080344

1046.07984232

954.78771055

1027.64468272

1086.19467886

1035.57244238

961.897900339

1017.81617035

965.374402401

978.866549621

1021.68362971

942.21617609

1015.93183448

1062.46636458

1072.94899317

1022.75482926

1047.10227754

1052.21917719

1037.1778307

1003.85395819

799.422639843

1059.69902474

1102.35437821

1051.84900818

1034.02609171

1098.38341726

1000.73825208

1072.5030707

928.729883444

928.932332401

904.720406306

1157.16445978

917.212669065

1021.18476195

1043.85363213

847.207917996

1018.23624848

1112.76659621

1020.8294616

987.220693408

1021.44747775

1049.28582045

1059.03555786

1152.38268683

1006.47744274

1074.51349928

943.59973325

1083.6095502

1087.28243184

991.949812336

1151.88838661

1023.62216512

1008.47234803

1009.08048417

959.981482141

981.397938295

1002.69097123

1036.86965799

999.618634292

962.501911272

1107.10975961

987.376589167

1052.17975178

1066.36088474

1071.79337342

995.382231783

946.231514953

1089.10616774

1061.97734117

1017.98045151

942.513549194

1019.81374818

1052.30976379

986.34812438

1048.05760926

997.986785301

984.775432608

970.545605976

954.860315686

1005.8295715

1027.29155439

1150.26711761

988.255650678

953.855961827

1000.56580342

909.479438463

961.209389862

944.824810742

983.986207146

958.425149205

981.678766805

1112.0425134

986.056302967

1029.59970912

1028.08515436

1120.8882933

920.669336455

907.900810206

1054.09349275

955.711216961

1075.08277586

1011.40646429

1004.84127665

1021.3171326

1059.23586864

1074.91337848

962.717559721

1050.37486067

961.599917896

1046.00409801

975.050569814

986.658038195

954.308306632

1012.4369051

923.499596796

1051.68047142

1142.70498666

926.749288232

948.114925485

970.687322327

1028.0343051

1121.43875601

970.674084484

1015.43584678

1008.05967404

1003.71592936

990.406163101

987.506028527

1005.56316883

843.032255946

1024.59469489

1004.9170772

957.91435516

898.661959032

1012.75316622

1081.04437349

953.529154231

955.328918751

1007.63622956

1001.7522173

921.700836969

1055.74760775

985.893245792

1115.80966445

1097.49320347

1005.67739314

1081.9944602

970.248938933

1041.51406144

922.540022394

935.014972971

972.427840714

1012.83088731

1021.69705287

1007.05993889

1087.63188917

996.628654784

1001.76673186

972.085372619

972.709118407

1014.39308023

948.451837058

969.318055595

976.815842122

998.020978137

1033.68100917

968.294793919

960.978965974

948.72547878

924.917207137

1033.82989174

937.955678683

995.270427487

1046.72331158

1060.06944232

1014.13519552

930.974826885

940.06334417

939.314845228

885.599626397

879.971182333

984.215911887

962.632285974

1055.52763411

999.858258289

1022.49805303

999.559437693

1003.32245331

1102.92451543

1100.4776932

967.842286512

940.775396848

941.700833607

1081.05445913

1002.73969443

1004.21072346

991.599280856

1018.38835532

1011.0412889

1050.98600958

797.897436369

958.263145786

1035.44706957

952.440958608

907.497791606

944.926836146

1003.58469978

1061.03664527

969.746350501

1106.55975562

1017.89217187

936.251557285

1079.39050313

1042.08123488

1013.03379717

1003.63138718

938.100664499

1026.11258192

972.688811298

949.923734517

980.097450366

1011.94865185

1046.00693034

955.086924969

991.859465688

957.789959834

896.264247868

874.715494973

1008.96976041

995.482494079

990.133414487

971.270571517

962.833231595

919.208318121

924.347047992

961.227551518

1043.50848062

933.946543141

1061.80852743

1037.74842297

987.046966021

899.348736844

1015.62412658

1038.59251158

1048.25615177

1064.63603336

1031.17421259

1035.20630775

1047.02809896

981.936995748

965.514616844

1036.43707915

1021.51456357

1064.94421573

1001.56116133

926.832115786

1134.32865129

971.49984099

951.300312897

933.530766726

1044.98120912

1024.32442475

1051.47812273

932.997290205

978.14976683

1022.83011617

1006.74702626

1026.82030531

906.557494523

1004.91818233

986.817567

915.508511535

914.119523983

1066.42273947

943.754215354

997.084958538

1023.35385976

1063.11410398

958.725931702

949.957998522

938.270745767

1026.06172179

1013.28579173

889.91787136

1026.69344619

1036.80411308

1026.38335171

911.683977956

883.139426177

1021.2035811

982.990935407

981.525338089

1056.66254206

948.902642806

980.894250356

1028.28236114

1058.18483072

921.495685476

1008.56933556

1034.87419154

969.822540333

1059.13749538

937.117186995

880.297010352

990.272038401

980.943583439

1061.42801857

1002.70181327

971.516830716

989.537597957

971.405681215

1101.98066766

992.81972251

1053.4058639

997.141769913

1040.24178679

1007.43498825

1079.37393019

1021.07586831

1117.69080493

1036.85141699

992.919076419

865.512091538

924.23096396

997.263768167

973.849188177

957.454383489

1069.68635724

941.174702515

896.026140516

1074.53147457

972.732923359

962.324664433

958.581289251

985.020988492

1053.74795092

1040.95872499

976.010681008

950.852513171

1002.19012295

1026.97980184

958.953135764

997.366245447

937.66959118

970.785004498

1001.52168332

1041.81451466

1065.27550343

1012.67572053

996.136463533

1059.73486324

1016.66308578

1024.16150721

935.444044499

1072.8424255

980.803903452

1100.78524344

1011.90818559

981.581218644

1018.63782333

996.507267662

997.624565704

925.183443643

874.173469936

990.974609543

1027.63113816

936.351494

929.684530223

930.479877581

992.18659315

922.606081962

1025.54702089

994.608577536

934.490651166

1008.96707448

968.521188828

896.00010709

947.200255523

841.193499038

987.214131223

991.409026901

1000.20995994

1023.8282204

1057.18301753

913.075219331

974.935260633

978.520138554

1005.33428499

1047.2242084

1022.40937911

1055.84318163

979.863789761

1013.25416533

892.422278413

992.569759612

954.499511395

911.979821881

1043.48756463

917.388323582

895.26626882

951.554535584

877.885165666

923.248492924

866.848560098

1035.66315461

964.296755684

1039.71971831

964.252313797

916.334589995

1053.7199752

1007.50688261

957.756850107

1042.08451044

966.228020287

1010.42120112

976.416237491

878.365062197

1024.0286571

972.950505088

1006.30417204

1004.7103113

939.537857934

972.599167329

1021.53957162

1046.19005226

1008.9121349

1038.07317505

985.6563364

914.812904978

987.180561121

971.581712403

1066.71931166

1087.25935873

1047.58201825

1009.93039162

1025.23376756

1047.35722246

926.464641241

973.763836647

894.585407758

900.208823492

1076.5855813

964.891683236

971.393908923

1011.26472146

943.291717333

1054.93484723

1002.82557305

1020.76175954

953.988051238

1115.70895137

998.856552249

1019.50394199

1011.6242314

980.357990401

991.246475423

1010.05480402

1016.13744676

928.629466837

1004.24556795

1042.21072982

886.708280954

1000.12714202

1089.64002428

1026.27433811

976.35305094

999.526967108

972.258011823

917.602482462

1039.35873303

1014.36657745

1005.62280526

1025.952254

1045.12645028

1008.39956812

979.655384664

1050.09087828

981.427928296

1033.7236672

953.801053305

943.664353019

1041.61563865

973.64523933

891.32560406

995.895090064

961.806115154

1050.28204871

1019.59964334

886.443253461

1005.85525541

956.590979841

968.672081813

928.483190201

1017.18861243

906.650466674

1039.71301142

916.16673947

946.745142681

971.376054782

951.19258666

956.97429991

924.262593361

1088.72957208

984.746998222

1046.69428855

893.999310953

956.999909647

1122.06364787

1032.71738755

966.70118913

1025.99437859

1072.02705847

1038.16586013

1045.57751411

994.121055654

1048.055353

1035.44795555

1037.58174587

1033.4378407

1021.59189922

1031.79890041

1050.28291471

1006.6953297

1002.75378415

904.091403868

1036.05085453

888.052188549

924.631562203

962.633036006

949.090290251

914.256313584

981.994655887

1095.78740116

1015.6992078

1037.65659997

1061.34604561

928.396854874

1030.56249787

919.926129172

945.689136669

914.423205606

1107.48132853

1151.57004573

1024.41371002

1070.4853488

1011.29827434

987.361639715

951.285082463

1005.37909095

972.964526716

970.957051564

1003.67236058

983.80685668

928.573033056

985.335136867

999.041967654

1090.739309

927.551604973

854.179076647

1044.6594891

1032.41394868

1058.53679798

1157.17464825

952.774373471

973.780226631

1019.22848488

938.929244144

965.084681175

851.462446628

1033.77900525

936.075088161

990.19858386

1053.34036008

1061.87018728

822.61261681

1001.64840362

1028.9587241

907.401607788

1022.97556105

1003.69063201

901.568382264

1001.32305297

1003.46990471

1007.72900112

1001.10872968

967.815418689

1018.92750962

998.05994854

947.146601501

1018.57831007

969.805509614

933.541695104

959.047339387

1043.32965328

1004.5105716

1032.52650802

997.311719553

1009.54954754

981.161079858

950.698533583

1019.53067208

1004.32101353

936.936984714

1016.4643827

903.704261765

1033.00026754

1065.48828461

1030.37990182

1059.40507887

965.318073935

1049.08453172

930.459329703

988.897951252

1008.2896809

954.997964571

1008.41160031

987.380939841

1033.31300912

958.64747078

940.673895985

1023.09026817

1073.64703109

961.325620173

947.113759979

954.645868758

975.421208877

1042.81786965

1054.01816787

1023.21187068

1005.51573647

978.500375038

976.093182281

1058.25352556

1015.88970605

1024.21454419

919.445086172

957.585680484

913.378202786

1009.18221149

950.441584352

999.925739817

980.980996854

994.622889348

1018.05093907

1002.78988388

1011.06071486

1000.04438626

1048.72590961

1014.92478433

943.31422505

994.416676073

914.112943599

921.070561691

1003.96997867

944.038176824

957.767776926

962.921002283

1069.37736039

1061.58996668

936.85078716

997.724843638

1130.4424272

1107.86865549

986.713603958

1022.58484517

989.888224951

950.82450435

959.58667459

1031.21763146

1095.26564214

1003.45228093

987.65610708

946.69127986

1004.82480605

845.159110191

1012.21011277

962.739668223

1077.64636402

1024.53898252

953.54875371

953.294783344

989.009111148

1067.65447367

971.996353153

1009.02580691

972.533603235

968.523776711

1011.55303045

942.852939661

1081.4345472

948.415889841

1084.19695565

997.999753346

1115.52728004

985.399992237

1029.86216883

962.502994145

1050.86069553

859.708955418

982.318986576

958.889604481

1065.01587971

977.181494763

928.462447049

1083.05894365

961.363946476

910.527243827

1091.06761489

963.90708169

1099.9748036

902.30870607

1080.59400269

1123.10487667

1052.43057341

1099.73180924

977.863880996

936.913697856

886.841899709

892.651498301

900.911425989

995.356739928

986.657439525

965.072340231

976.556142011

1065.34912053

1144.85591178

982.454975223

964.67713031

1021.60912372

1053.41246587

987.060724134

1159.48872583

1008.65330951

1007.80407393

977.152187331

1056.88396332

1044.63552756

994.419312463

1058.26012215

967.008435936

946.620073173

962.88463351

1040.9063668

1076.88242673

976.755260783

1102.94081832

1058.31677256

1000.9897143

978.211606876

1064.61420357

1031.45238352

954.774769515

1020.75640203

998.64893154

1021.81708194

939.987005565

1082.78553082

989.161259262

1039.15046308

960.647139548

921.04605217

1069.49502017

996.30789644

1063.68202699

997.395673526

852.921770597

987.887441927

1084.03653611

1014.21688201

991.42376134

947.952234351

1111.10221166

1026.45310234

1033.23017271

1025.61226682

1028.42508851

1001.8421029

906.185034705

1053.77516757

969.905938269

1040.87344607

944.36857303

1042.6699557

959.535405833

1035.44610992

904.351021081

1080.97935639

920.144034698

1052.49285098

1065.53354782

1182.30055956

1029.41559139

1033.91435615

989.996397845

953.377627398

993.944025404

955.401303992

968.81315991

969.914784758

1055.55958097

1032.35386714

950.321334208

784.731452506

1051.06082216

1021.7363189

1092.9249669

1007.40498001

1114.05897557

1015.91216513

998.080394506

983.146977595

919.882684906

941.434623628

980.138225432

966.117447551

925.88244841

1053.4067519

985.931574368

996.742276764

1045.67587921

1084.99435764

977.279287523

940.14911111

983.406015786

1064.1378012

878.819786882

971.614780408

1110.80685694

990.927601056

973.562389417

870.099484691

965.847527692

919.608918632

908.280909546

1035.97698467

1019.49146485

1090.60178026

1000.30059136

1010.8368431

966.223576033

1058.66120241

913.161425939

1068.0304273

1059.60022318

1057.07956502

995.286640697

1067.71443821

1081.89428005

1026.56385809

973.036430776

1037.2456145

1033.06558417

983.020841066

1009.3546936

967.887332871

1046.26387231

1066.01831435

927.45115831

956.622418377

1075.33086228

1009.07636788

1077.44765953

1001.99891469

933.890687947

963.879837796

848.027468482

901.340551391

1039.56705485

974.367845794

994.296252353

987.147817957

888.077354233

1108.22219059

926.868003387

1003.38067445

984.031757989

960.659325635

991.313555789

983.15976457

868.950417182

1053.71486839

978.081722882

1063.97432006

1063.29364135

951.391831182

1010.22294379

1101.58816944

1124.32482534

975.379256787

1038.97073763

1107.77349127

959.012851786

968.610497763

995.452659979

1004.13874169

1002.09922993

1054.02879913

931.98725253

943.415999908

946.479319609

1014.84401097

967.445302028

996.599958737

1045.99994266

965.561421207

940.076689574

978.101683813

900.370108262

884.207429086

1021.84802701

1005.74213805

1065.4086031

1005.59893883

1022.7063846

1045.80231753

1057.77803984

1003.91993061

1089.12823011

1010.29449412

1097.03550438

996.431752551

1036.33539026

1129.84238208

948.713667758

970.745956805

957.736387242

1104.76942935

1102.46186183

1067.592758

921.116397102

984.807544385

991.750750562

1074.84676386

1061.75227417

1064.2651919

1038.75365446

1110.30443225

966.156343601

1037.39940901

947.808174281

1040.13630898

954.165675996

1068.27543217

999.50694556

1070.83231845

940.982196932

995.278827605

1103.83243903

1062.6426102

986.438694194

1035.3117592

1073.72944583

1090.91148499

1032.40281194

994.915822088

947.318588161

996.581682911

1005.50315142

1005.59346186

987.935516825

1080.32967632

1040.19717451

1063.94675729

1031.50077116

991.541101839

1007.54794536

1018.16752214

989.996074674

848.964742197

1066.4814197

894.584342786

1017.94300696

932.17395127

1062.39805555

1005.08005126

1000.57813772

983.984288645

1023.32305684

1057.71060716

1004.55228147

1029.54098785

1030.20846352

1038.30075532

978.382348197

1028.34835775

1018.86488924

1018.92730126

1043.25892999

1013.30799202

973.680421025

1099.75596026

1081.51008462

1029.50950854

969.352546128

1085.67684458

952.860849927

995.672264621

1086.57626644

1059.83326661

942.977397402

1037.46722228

1017.58456123

1051.5301782

898.876968329

995.529694047

1031.53177675

996.032023092

1073.89885026

960.058581406

1063.40136049

1090.76313946

1003.31867033

882.829811019

997.001078868

1013.32482165

953.019817564

984.460441214

1030.87861315

972.134591506

983.689751384

944.900175687

942.95365329

974.556856334

1006.22807035

1016.36959889

965.596707834

860.294617156

1011.03299378

964.1496974

1059.30608139

931.904796859

1057.37528045

1021.56090555

1097.96053209

970.185581586

1120.33698879

1045.08819732

1035.14884722

1072.13826444

969.287584401

972.959500112

1010.89654865

1075.5726082

996.306237227

982.845065841

1028.99211963

1016.47322437

1002.37696614

1011.36268977

1019.3833932

1030.48267166

944.711519028

1004.74454735

1028.68292061

1038.67827481

969.323388482

953.146575922

1069.68098578

1009.11645682

873.561201079

976.043342199

968.319546938

949.238065879

901.691466169

875.657399077

1024.54579408

914.316674084

991.003849497

976.789705562

918.776975234

1088.44296974

976.046493179

952.407860985

960.765248442

1006.54605954

835.709054084

931.396502285

1073.75654964

909.715411232

1030.95065897

1000.24507419

1021.25216383

1011.02347641

1060.33346626

988.339736128

987.347717044

999.937526336

1024.27797364

1066.58777382

1089.2917021

1001.75420212

1005.00914277

982.299250483

1009.7650597

1013.01613075

975.731029715

904.121310409

1024.13844209

1013.43413072

977.23245141

928.912894635

1004.46104983

1107.327056

961.682448416

1054.6865644

1014.89363251

937.953701761

967.197059121

964.820172412

1025.82550297

1005.92907597

1050.67425276

1003.41831375

960.573520278

965.293638826

1063.30936764

1093.05599768

960.899989075

1010.99879934

936.572151609

981.505946849

1038.4980333

1006.15694864

1011.35472764

1052.79946505

988.908674486

958.473382578

1082.67998809

992.044812862

963.131476938

989.306650067

979.889313425

951.521543497

965.836136024

938.30186056

978.898200357

890.203498806

909.850543279

978.243703296

987.931364937

1008.95609504

1007.50242393

1099.59267494

983.803101536

984.56984178

987.738483589

1043.01332196

1013.87381789

1109.56205673

1018.44081204

1011.88010602

1007.40103379

980.016374474

916.50400917

1013.86010843

985.256790883

930.925589286

1102.19089674

1041.33951177

1040.02855864

1015.89025328

1160.49234877

1074.52963044

952.39421532

1058.08710081

990.54174127

1055.97267801

871.763608863

913.412243887

919.113749114

1062.50399143

1055.03958586

1043.56386255

1118.83400847

919.217694966

1026.06016963

1044.52158423

1015.83826542

1042.25308714

1019.21985597

970.243582393

951.26789671

1029.80791409

952.407154661

915.279008729

1038.93931704

1022.2384707

942.089386252

1016.3377798

1063.05756697

996.336001969

1004.89608307

948.845598506

1044.6604801

1044.53732324

1054.69697858

1008.16528004

937.360671938

1021.65080991

960.352047415

1050.72037806

1014.34835902

1105.74697527

912.172734854

1034.43470404

922.51358007

1059.7020139

1004.6981392

1021.78063136

915.649829367

1000.18010836

999.012909145

1041.32897063

1003.06320665

1038.97300865

1055.35868753

895.544956741

1038.38688814

1102.48251303

995.151138153

1070.20553692

1008.62653526

942.358150636

986.753456527

1062.31901561

1060.40735695

993.299044583

878.039295314

1087.08340494

947.877053493

949.977508784

1007.84201423

1019.46520468

929.494700745

1010.00129344

1061.99221918

860.237508833

940.104117227

991.857045249

903.405564531

938.075101727

1039.62523831

966.201531556

941.601391359

1026.90401486

981.270022079

995.468831651

1131.44581986

986.246967529

954.267624472

1010.72979959

915.391333787

1021.09105959

1053.61831155

1023.94616068

995.850666601

1058.14369271

1014.38806909

1014.48147742

1064.89092351

913.007135531

988.785166863

1029.05310902

1004.71871152

1050.94878852

1043.40398421

1001.53934089

925.453039401

999.503143036

1053.73706205

993.735530913

948.34446614

1066.27691334

1050.22817331

1126.71807882

904.453112816

973.194574097

984.852571238

1008.32890378

1018.0135417

1000.32533441

970.092512869

1028.23149366

983.866595173

914.056563127

848.300706415

1050.63712665

952.578714346

988.056384168

986.796221707

1024.58642379

1056.016799

987.349841011

1042.57902759

1000.84292896

1042.1035031

1003.51489599

923.175549953

1086.32585309

1031.59941991

962.058842979

959.66765665

1014.92385128

976.654617951

1099.62878204

1078.61823049

1067.74769462

1050.51432426

1071.30183271

1030.95207087

1018.04134262

1098.91627399

992.673410479

1039.21880154

992.759885339

969.190268071

1003.76287695

968.489875461

1018.70058428

924.277359037

957.762527361

974.255390805

1091.6159206

986.386446957

1000.44919013

1001.23553801

969.524450876

1009.76346371

1017.63167305

1028.72556645

1028.5692372

1007.7390167

1023.09264727

883.364808053

1024.81355957

969.741875026

1066.0139869

989.775845431

881.24013172

898.791752264

1044.43137041

950.541805277

969.873552819

962.23995687

901.742564064

1070.07902875

1071.29797882

1072.45492276

1109.25128875

1026.39470528

910.559981987

985.054816184

986.468763624

939.809952244

929.661668874

906.578368882

970.761559295

1024.22252338

966.965066048

1008.34653953

1059.46487548

1009.90250738

1061.14257288

959.416915819

1008.64284628

953.191807514

1021.29556593

1050.30161204

974.837568221

1015.97289591

1048.46281296

923.953986622

905.446403886

1046.78922225

896.149206228

920.306386947

945.137973556

1059.352158

1029.01077475

1008.54031345

962.423963615

998.173566027

918.30221882

1027.01010179

909.099342956

1020.2930817

930.47967723

1034.94415744

1022.92171404

975.251164219

976.657836827

1088.08797151

912.087819514

1056.27995563

962.505609298

982.197624314

1025.76037213

972.200738305

970.720093754

914.861550456

1012.67991491

1060.99388589

991.632539997

1026.41946275

991.651266959

957.208571317

951.79146549

950.542405914

1013.56136696

1055.82969006

964.184229327

958.306714639

986.591639656

948.461907891

960.293455562

1014.9695109

1075.56550656

1048.75591167

883.816278461

1069.42604807

922.713674665

986.790596547

1083.88297572

902.242066038

1062.67781986

1044.02653541

1069.58980088

957.37555873

1045.98439917

983.010852463

920.418926732

965.083740393

1041.98900066

935.22936766

985.724342339

1058.19649897

1012.15642195

1039.88377939

1072.0609328

988.027784407

919.816804694

860.379591729

1026.40190636

1098.53283368

1035.91074556

1003.9323324

971.91777564

1051.56648587

1006.67570248

1045.89146165

950.742062371

975.873025237

1018.78486032

992.73264182

969.80479799

995.871640454

949.386646487

896.465047011

1059.1867462

961.826206473

981.828430359

1047.2200169

1038.28379608

1004.5336359

1017.37098126

971.601163959

926.531592579

868.064912031

1133.67106865

1088.43838681

1014.18295783

968.738525929

958.043206837

987.219489807

983.575388438

1041.01598907

967.583587746

970.328968604

1022.61632386

937.061751995

1048.34043821

1050.52283797

948.020977845

1048.92100239

862.464658635

920.621317901

890.069859262

1049.92207405

922.302828505

1041.95393873

911.728320639

996.422530698

922.234275509

975.614341783

998.517306903

930.026027767

995.334235484

1039.66283519

1112.17683502

1013.62000877

922.703176261

1082.62756831

999.063577636

956.386553839

975.43651098

966.005679595

985.585539618

923.69613411

961.294192717

983.648787427

1055.1837194

1070.41466692

1066.11586806

958.469603018

992.30959073

1076.14720165

1009.54764543

1016.0573971

891.619078533

830.312552009

1001.91787185

1081.59777659

905.066862055

862.350406339

949.756698151

1075.45593511

917.484719597

916.495477423

930.485133307

948.61657529

979.905355566

1094.35667029

873.339756815

986.506126448

926.897326095

1100.46760117

1012.80045994

1011.1790826

987.118637496

1016.20632024

1004.41037091

941.74388354

1013.32925703

969.011152437

905.41798268

1033.05648059

935.936554036

898.616922642

1017.7782812

959.436240053

1101.33218834

1001.36348411

1043.59917415

1022.26515399

1024.40658103

1032.23162628

998.646212027

1003.36373857

1001.37563068

1053.73204166

988.324313178

980.744368885

1037.20433493

944.39464996

1119.94494537

1082.34976314

929.027589455

1102.97308136

951.900675245

1074.36970041

1113.88786994

984.988915923

897.696649352

1025.26692109

1022.14100685

919.227351344

1024.00043543

1040.24502481

1061.83593726

1051.41487546

1032.14766564

829.023969137

1030.00336835

998.585532359

998.643228355

1072.55040809

1044.66081233

1069.10980228

1007.41455147

963.736594284

834.267733883

827.906770246

1010.29656774

1057.77494688

1004.37406539

1080.67477031

998.686861073

1034.24982469

904.856495145

1025.63394429

979.607712408

1024.62754052

929.258137971

1024.65849127

958.705072951

890.126459798

916.290101698

1049.39790112

988.067262583

1036.75752741

937.885026614

943.89449677

973.601398087

984.606612232

963.729034446

1002.25231728

1043.9209743

1060.38934732

958.537152278

909.995377212

963.713782747

1006.96945474

898.277259709

1017.9598166

1062.7707797

1003.47449384

960.312431818

919.564864408

924.582870827

998.445086098

977.393437419

1006.03055485

928.772102167

947.244634196

1068.40359198

1026.14477645

997.752308209

949.041743084

1122.40708806

1039.77207121

1013.70645364

1007.43228387

993.589669294

958.06635066

886.207806475

980.582550003

983.310039284

941.989067902

974.601545318

947.061024791

1068.68558602

979.673743839

971.853065194

1012.29688065

930.23016006

1052.7177898

956.667016903

901.317474486

863.143487591

851.137077034

1099.1024557

1064.99344413

1024.80554262

1029.19844824

874.052733147

1022.71354641

962.873461931

1070.11016501

940.61636464

1055.25433673

992.087651915

961.063637959

1033.42187438

1000.86930967

885.324720093

1077.98465724

925.120032743

931.949386788

936.168630128

1052.33577534

1036.97724343

949.83645484

982.516456471

998.999271282

991.28681775

1034.98978744

990.25411562

845.955301977

921.284837695

1014.51089505

1034.67648504

959.422822953

990.894404408

891.685065217

999.97420511

989.878265683

953.898549643

1099.0771301

1029.54428075

1011.77427755

993.121719282

1100.38352381

983.622038647

912.033621712

987.833594059

1039.08077779

1064.63931801

1073.53870418

947.756803435

818.198150931

986.814182632

1101.37361916

1015.32068199

986.470125204

1089.55207358

1075.03197352

864.673390675

992.222963635

1051.68996197

974.323166925

1032.89787706

1083.69628307

948.875647793

954.068092383

1040.84353598

1080.12964168

1099.0133601

998.774414445

990.086318624

1026.59212053

976.259017607

979.266519854

973.160767919

931.45469013

1058.02094471

1072.3660802

1048.09812439

1044.36350944

971.831518516

1067.68298524

967.195295537

978.222859136

1000.77969427

1044.43236242

954.464274199

1038.8831791

888.580418235

992.826977126

950.805811497

1002.41071598

896.472414951

933.801264239

847.099222416

993.44322715

1008.89439641

997.589502175

1002.79731647

994.380387391

934.607353005

1040.46266752

1049.78243616

1002.4878291

1065.76594829

1054.70561578

925.154215205

1077.3963689

993.309629669

1106.27665351

915.302542896

1017.1608155

974.492892155

976.947816363

902.820853593

1036.93533874

986.455278245

1002.11586737

1028.81937931

994.574129411

1010.28459316

1091.54010777

901.380060116

1037.36439897

870.408572024

985.069160812

1019.49877319

994.112008703

952.391988787

1045.62110475

988.395201494

1036.62157938

1020.59339926

936.627008408

1008.38799111

924.498485964

1027.53853661

1043.09072229

893.381204531

909.162160794

974.2769762

1011.10639217

957.437680656

941.452074708

971.716615004

1017.8944739

997.126568054

974.53205333

935.540192522

975.540991744

908.208808622

990.593353259

960.144285178

930.853009012

938.427284604

978.35198976

1002.47370139

969.737587367

1023.29439591

1119.93378412

1050.1289224

1091.01673354

1018.85622083

1058.29157753

992.475886592

1040.33775702

978.044105967

1010.36257731

1055.03448898

1164.16095083

941.650316761

899.192019737

981.014219635

1016.34098914

967.855165273

977.12563586

1053.64892488

1011.58075827

1056.81400676

938.19995413

1052.04940513

1043.51238257

955.772254137

950.66442043

1129.36071716

1012.73319013

1084.42135603

969.725266806

1008.41138142

1011.47822641

960.168984249

1008.65874968

1074.8710537

1057.85505814

984.710551046

941.881306309

999.15638665

870.342488474

939.327451401

1042.91952052

1031.66267602

841.617269023

967.157692795

1084.21782145

1034.24719553

1007.93247683

923.089153136

1056.47240717

1043.90955223

931.887042424

990.737374512

1071.21679916

1029.65070219

1053.99091905

1057.06266018

905.417356762

915.858225167

975.140153611

924.182503301

1071.24143814

988.06059724

937.762518262

907.680591662

982.43716372

1110.6975097

1000.03894095

955.363661368

976.12481114

1028.22596974

1016.99253152

1048.489578

938.950892393

983.554308914

962.457266066

918.736384929

932.642513223

985.082109148

1049.43397942

900.677987779

953.419613239

947.104951682

967.121751838

1095.05671491

991.539221405

998.278383876

1032.10306747

919.894583981

1041.24537184

974.491220209

1010.29235622

972.451250666

948.066949097

980.68059013

1074.22150556

989.982818389

896.279601179

972.177214274

950.69377754

1031.05686212

1036.2365818

1020.33350863

978.982438109

1063.48451697

948.633460824

1050.67333397

926.92219696

1093.76539788

1006.99683278

1038.7406252

993.242040491

850.678451145

1067.94283539

987.929197315

996.786903989

974.643652217

1049.7538993

964.037432323

887.385046931

962.746513517

1052.00984998

977.293149267

983.893155448

1086.16780681

1047.80946272

942.998449315

1079.87595761

1027.82220098

990.309508916

1001.99362655

1024.46414945

953.070681482

992.812137477

881.757087778

947.972419674

1073.63618248

933.092158816

961.837214466

953.202852551

1001.79075279

999.287142191

1027.80849671

904.871450462

963.883711062

1074.22996514

956.736008294

1129.31215309

1006.50058832

1094.01503867

959.673061784

1011.60217801

987.37342097

1131.60230564

1067.26332459

1003.41374122

991.847861747

1088.87753219

1026.27569192

1037.17754824

1113.61126238

1074.52803454

1043.6839349

984.367101224

1042.05911415

979.858274072

1055.24976181

990.148407268

1030.64267052

1096.20629902

1014.93182864

941.819800254

993.483596916

1020.27748394

1067.3464847

1093.98633394

924.939050103

938.722031037

1082.44186893

1073.70245069

893.086731831

998.484585654

961.09788669

960.921939099

955.174178126

1063.53233957

979.018539436

930.358710597

955.366561218

1041.78516937

1010.97757477

986.993201354

1018.88025023

1034.36336656

922.049758218

961.136519575

976.047771759

995.243051546

933.646933053

1015.80350663

1035.82912644

1144.28407756

980.489065941

1030.40972562

1021.21523346

979.754491

939.872397386

959.170451533

1047.43501925

1001.66536037

1011.77826957

939.558413326

1023.41684866

922.766668129

1032.89057357

989.188681712

1018.19830124

1000.3173786

987.864731053

985.042398817

1009.30262104

888.359196126

1052.70746011

820.94229375

1051.26914481

989.679806319

952.130990457

1051.36984949

989.213163414

934.120911844

1022.8327197

1043.94623947

894.711083614

1099.65668238

1099.53597186

945.262729233

1083.20484642

987.957948068

998.207677096

998.142823074

939.486672488

953.166506954

999.545319647

961.775072703

1048.88704275

1021.56224317

1082.49800891

1145.41323245

1001.37795052

970.039985481

1109.55020656

999.686279251

896.366904181

1062.52183845

1109.46810131

1045.64803485

1018.86127844

863.724904747

1084.16655578

1001.32951595

1030.74587777

973.237787078

952.031144303

988.202210956

969.730845236

846.530482734

932.700282349

1060.99124942

939.833492131

971.340764205

895.438413268

1075.85591409

986.575551988

1142.50547905

1028.11746679

993.138333291

970.519272343

1039.6425585

969.291173611

966.53354063

995.970885185

927.578804191

1087.36207871

1054.9973821

871.803725403

1168.38844213

1059.31301282

1074.97672428

1053.94444889

999.80431887

912.838909709

929.718577749

1026.69902254

971.810868233

985.160187002

965.550005622

887.160240833

935.955247785

1023.2847194

1058.6605514

979.750878391

1133.31146187

985.3634298

947.063163792

980.788862906

1061.60124009

1007.11188091

1022.13831743

1046.63753257

1098.39266004

848.448080687

1070.45373255

1103.75092018

940.686070398

944.048350752

1007.5934573

915.56427104

1038.21195553

992.778585663

947.890807556

947.77640304

998.200791121

998.72943024

945.99619624

982.824182165

1018.36207203

961.233961233

937.305677192

1002.93298624

998.767880377

1046.74690196

954.763235104

1025.94922655

985.421406119

979.97859629

958.722556833

1032.8697521

1076.20845598

966.3141255

1074.32477185

984.749953336

1085.48098424

1069.5322777

951.5147953

996.782551441

988.294717143

1031.90289874

1152.00979298

1095.33038261

1033.87070622

914.883413055

1027.00748608

981.289165571

898.382694171

1018.20452093

1036.51769059

939.591318062

1074.39812661

1002.26381853

997.634659445

955.292252737

1008.88259758

1000.31777267

1081.42146051

1050.06555208

996.440829368

1110.19302141

1089.12856186

929.045789392

1122.84171219

900.033580249

1151.64323056

996.242132257

854.428964113

1070.82040428

959.105756977

956.051798755

982.001401243

1035.91400102

938.588062946

981.489901648

1067.74149853

1061.43404683

959.760643012

922.775993353

1080.76818303

1023.71648695

1016.6531715

879.778051108

931.155868201

910.846286397

1064.50380949

932.342112533

1099.09046709

1023.26213833

969.834183769

986.95426615

988.764000464

960.243950162

951.124135754

944.300233329

1062.34575855

1026.39386206

1016.80035768

1010.85004842

982.867409697

1067.33925182

935.275355251

994.085725277

949.262462668

1042.74331014

1053.29234846

1009.50695355

968.500059729

974.400381785

1115.71647812

1067.60274263

1026.46402911

918.047571328

953.767297521

1023.23056077

996.505384478

928.907315693

979.949195888

1030.80995554

1023.45306252

884.899462607

957.377735316

947.536476363

1043.67871406

983.222444381

979.920336028

861.704603679

974.51927611

953.239601623

919.758983344

1038.29904914

983.704244594

1100.19272237

885.888995117

1010.24845449

959.436432775

1027.62221454

1069.84741421

1022.93551718

1071.3524902

1131.03169398

895.228511363

965.30090111

1074.05949797

884.726516709

892.140563715

921.004493782

1023.88983771

999.548909856

1042.37083393

993.616580143

951.451600204

937.248579219

922.763873676

946.1004279

935.047335757

1118.37470888

930.70976756

949.085007428

1000.72767753

1004.35244728

1059.93461307

951.821250558

1047.58000001

1029.74198524

878.886779602

1056.00583739

1009.31147623

847.200557519

1012.19868421

1019.60190961

1001.86351186

943.725598924

1017.6086413

937.823261944

995.302234814

1086.58260584

858.791400106

984.877559931

1033.57677236

938.374455455

972.043289552

965.517900052

995.36208775

1015.60702585

1022.97785913

975.356849285

1012.71112592

971.169270949

1027.21847426

1037.6490118

939.667266916

1058.05705402

1018.6132432

1004.500159

945.632594575

1020.88601804

1011.02797742

980.899350961

1070.76694629

939.792812227

917.970078214

873.118175604

982.94085553

976.193429537

1020.74101161

1021.4099666

944.257456195

988.971936086

1005.85777231

972.396004577

995.280578464

1014.3202662

1025.57609744

1045.98690029

1018.87524665

941.883159065

914.53704521

1035.3074206

1039.33174109

972.060863754

1036.52002282

1008.13024709

1130.24273032

1053.02542426

1036.73822756

1065.13727142

998.222119789

946.124892631

1020.41360279

1012.31791686

949.486713313

942.603349581

1018.60972937

955.027982071

956.553448294

1052.76902989

1011.64265522

1047.42237005

1043.04831527

1025.98905401

1018.0558385

985.183024607

1028.5357318

936.376432901

1060.81039641

934.671277021

983.864259574

1094.3393126

1051.15698659

987.46252187

1064.65388455

999.574500276

1018.42631442

932.091512671

1043.06355025

1012.08179405

980.476875091

1002.7177758

880.028401909

912.744510442

997.827971379

1131.84031961

964.128469608

1009.40300579

963.33440414

954.115828031

922.148834551

1032.7014065

1045.54753206

1021.6719701

1014.74162608

978.164941499

937.203152488

1001.67266918

953.687498565

989.406564873

899.613500334

1028.74112818

1031.15545148

910.046562147

1018.67625931

941.432922126

990.820095927

1097.74839048

989.457616261

912.547639464

925.168106442

916.427231273

1045.29322843

970.812774143

1007.79400431

886.22451437

933.161562569

925.852610571

1018.94474142

1012.74607515

912.209212041

941.500037244

1055.80352995

1012.39992678

867.152230794

921.325861225

854.011918758

1054.92838648

963.17616311

1012.42912716

1009.55905195

989.483355752

976.889169595

1040.80674001

1050.06279787

1124.60815981

1055.84324387

1091.81191029

942.934253337

1032.29552101

1023.64360508

1059.19733964

960.715499105

921.994799245

1084.36094979

1013.75092916

964.144871528

958.077073653

982.827165293

1092.38991313

929.328472525

960.392648532

951.595521861

1009.79010719

928.844543306

1035.1463138

963.967416752

1033.0571052

938.717275909

984.318702734

970.938572142

991.867502351

978.765486804

962.783881463

963.44343094

1041.6822274

993.664208144

942.948832289

1042.69486663

915.120445258

973.598063641

1023.46701884

989.620114046

1023.12981469

1001.55147149

1015.88513579

998.050360049

1023.25496052

1016.45724226

1026.05554971

903.335381132

1028.2133226

984.868188416

947.301396754

971.798152901

947.858023529

987.763424357

932.115139474

910.703293624

1006.08810123

925.944883232

927.144750692

902.167226197

1067.33148337

948.379623453

1057.80135215

852.68289744

1033.96269695

989.266872029

924.683468113

893.744971007

966.030239452

976.64068124

966.954540665

925.521081033

1027.95942953

928.702245561

1015.73217586

914.075896347

965.850124286

877.656085907

1025.39875856

998.643350446

951.009125097

979.102059294

944.679037649

917.549728853

1022.39863554

1038.29291865

1005.67254831

981.798363201

1001.09850383

977.906138678

1104.00225239

1012.77436751

955.497215128

840.238968999

962.366990882

1002.90085191

1001.93861064

1022.78245154

945.651567338

1011.27181446

1008.80884569

979.509435338

960.850427806

1001.29912503

1072.09067556

1010.29984068

1012.14998767

1023.23928259

1013.62163508

1071.84843985

981.339538681

1043.62033918

976.972315722

890.398770444

1015.14171498

1027.56412728

941.81815765

995.117449534

1028.57734225

957.077538769

1015.32422832

979.640264689

995.583832841

1033.99035713

1045.93286062

1015.34119803

958.196551911

1095.34621207

986.518984887

971.682210339

883.539767722

978.533797679

1011.59061476

985.837587429

992.393793114

1082.04613576

1121.81069296

989.95530039

938.895748794

929.767884996

982.948117428

991.073101917

1021.15216815

966.117730371

996.657404596

982.354344812

967.8258629

972.170193261

1010.25197671

938.156511662

964.081452429

952.914807458

805.24877781

966.4563972

1010.12823175

932.175837312

912.121357332

1076.88997318

988.100399842

941.841694152

800.116585145

977.828369956

1034.7431446

1050.57430721

983.1385908

1031.87074495

936.347949069

917.922190666

992.32439716

982.473425591

921.906711061

1039.38897318

953.589109925

993.546367162

1094.12452341

997.902018835

958.602246318

926.866830641

906.393107831

945.073476901

1046.64398408

1004.99336975

989.508876202

936.379337131

929.902786659

1091.91153945

1023.7237003

985.827874271

976.066070004

963.883746523

962.458681278

994.010947273

1012.04483344

1057.62547208

917.013739758

946.076565137

1017.71087825

984.841364448

968.905284063

924.51359633

1032.38887148

857.323649482

1016.84086456

903.585117938

1081.42499467

1064.37907773

1020.18123212

1031.04029136

994.209671965

1051.92986595

975.299796018

1009.04741241

942.926065166

1027.42067379

1167.83759931

1089.66359883

997.719324648

915.208187104

1020.25076759

938.723033851

940.239688816

846.391340834

1062.26445013

1018.35906108

1050.73444855

939.446638376

1008.98702458

903.398432192

1032.71959712

1015.75328765

937.068676403

1009.54027007

984.52444277

982.442251586

988.456091686

962.121841965

1012.97295548

875.932929811

1006.40756852

893.114633148

897.281061344

1041.62267413

926.540932404

1018.31529999

970.03781286

1038.66750991

921.430776171

968.809024833

990.188542916

1005.65483243

893.234535944

1014.47076764

1014.85736284

944.883728134

929.597823463

981.281081674

1105.85807133

909.777618819

998.088837542

1035.26989752

1044.71211297

1080.52923469

977.75659745

1010.42516865

1018.79846392

1003.88144039

915.239271652

1075.33775921

1019.2330247

1014.55143571

954.849627907

937.496502316

968.533086074

1150.84201901

970.795882505

949.509098542

1053.36381474

943.908097421

952.819186156

935.449315601

891.326871741

980.980257157

1099.29206029

955.154130439

939.441013726

915.385644413

1028.14145667

1016.49339521

1005.69504486

1033.09436557

1057.5566051

935.121728748

869.146453576

993.102957697

889.876863318

964.974263521

1091.8598644

932.390757126

920.101050211

1011.67469822

1044.0173577

1007.94098929

1086.29652165

1025.5968161

1035.29575152

1041.95380895

1057.32440676

1111.87282459

1027.90318613

984.791919421

948.659828189

939.669613417

1070.6686123

1053.85808566

930.821351702

1036.11500545

993.702440819

1127.55808312

1017.97166369

1015.43970479

1159.60500511

949.137236063

916.363863105

1046.7596472

892.593143027

1114.75101355

946.659790546

1109.17922528

1015.70394934

1092.99436937

922.052650693

928.308671483

1096.22833004

915.646930058

1017.12563304

980.091689168

923.394758849

1007.75348761

952.198072407

1069.17262797

1055.09988195

966.583090489

999.154715529

1042.6068394

1028.79472174

953.216080318

1032.79059703

983.736864191

1043.17879178

1011.81265056

1005.8214757

1014.9844967

967.467735243

1031.63394629

994.393517173

1026.9844282

961.8894895

1006.52322728

1002.58775789

1063.86162793

938.422741885

977.630626258

969.938649816

1052.24224453

1010.32241534

989.884776949

1022.3734391

973.410583836

956.519640453

939.490510746

995.700793775

1037.72668067

1026.29800151

936.318164819

1092.30180976

1085.71017705

919.004837911

1061.80965463

1056.84451724

1055.39774109

1099.16122548

1033.40517742

949.521181688

1074.93952869

969.896192409

1009.39865011

1041.77423187

980.226126728

1032.77608354

966.271541272

993.88305025

1101.26868055

1044.90906214

1075.69988846

955.713724957

1059.49046705

948.672854391

1091.52019562

1029.9770544

1052.82820013

999.46308766

943.541788526

1116.20575077

1121.41060003

899.229414862

973.862347434

962.000846593

939.672455028

997.136710557

954.628082155

1003.09035225

907.457994619

994.998904592

973.131207275

1043.59753073

1004.30014347

914.615763052

975.820541094

1042.93902578

1099.70663108

917.488086322

1057.43803106

1136.67371858

1013.03714186

1085.44191613

1030.08645386

1008.86994228

975.476443455

1016.68748181

982.154064239

975.785397202

1023.95002994

970.187046883

924.379041639

913.815766383

1073.27066118

1086.38159158

971.926142227

969.674467039

1080.12539197

988.982119609

1017.4879786

953.965610153

898.837487553

965.430896335

998.857917705

998.638264629

1087.67590887

893.722631529

1019.11989623

1094.08704378

984.969666934

1136.29263372

994.62581726

1010.46794581

1046.27503218

851.903302745

977.552205115

1037.80740501

902.296980671

1036.50177132

964.217156149

1063.77695869

1040.04617771

1011.91849257

1034.69886072

1066.69763057

1009.90187194

958.961926351

912.209807624

1091.26304709

1116.03869876

965.704858175

998.60991115

1018.04777781

1075.52361162

992.855379139

919.015617651

928.478585656

1081.18737755

1012.15697839

991.089732716

971.502301012

1038.91513547

985.946485508

1080.83526522

1066.27591787

912.442890455

920.317321615

1016.73883058

1071.12678791

1014.52805447

1003.89910278

1035.55152717

969.746262125

834.219999369

951.947874804

997.11149394

1029.54945285

1039.45851922

1035.01053509

1132.12653027

1098.4516361

1140.97920017

1019.71491038

990.720087137

1030.41547178

1098.69488722

1089.50750633

864.891842659

997.190102599

1021.22986671

1043.848753

1041.90473079

965.457222219

950.907724279

1055.94899774

970.708995444

1051.51411085

952.612239203

1060.34383372

965.744379986

936.166322044

1094.2336777

1081.91592411

1052.21670464

1037.28701321

1030.36158456

1020.18422445

900.016743425

1098.57990405

945.05669692

1112.52829544

966.757077165

996.906370622

1061.1381838

1045.90859073

964.888702434

965.433518841

1008.62925361

1055.86702471

1059.39757077

962.219953427

1089.27058668

1008.85163727

1011.23240339

997.39827992

928.965173798

989.079026721

944.612924232

1004.75569754

1001.02794016

996.330958748

984.887785924

941.399525003

944.57247532

1017.98502138

961.988715949

1101.38873906

961.634683362

979.856519942

1036.12429389

1041.12274498

980.13525591

1009.7146375

1004.08908497

981.349772432

925.970902713

1041.19515175

945.656455292

1050.0524468

986.750001835

1030.95587405

980.410427884

938.001893594

994.12116803

977.000106626

974.992088002

996.448771919

1009.89521574

1010.8076393

989.72368367

943.746990622

928.285283064

979.615730768

900.657689048

1037.67837229

925.746981934

1005.62469722

1036.57031931

1043.34137249

984.776231751

955.122371839

1076.77471253

971.387672793

1003.20993933

1023.16318468

959.852017496

957.530928178

1028.89814634

1042.45958124

1026.60410298

953.633695479

951.308336497

1038.02713626

945.963787029

991.476521933

1050.77648408

954.822725356

979.291662888

1002.1451113

927.512311777

1020.67027296

1053.11694366

1090.51531428

951.639403476

1019.50206599

1031.38552539

945.475712434

1054.79754749

1008.49025886

974.851874694

981.958631495

1002.9601154

1004.37957621

1005.62114296

1017.51322443

965.995625498

1027.90977187

1077.12696437

1002.42077415

983.473456492

1008.92517385

995.482392478

1011.37042043

1001.78943647

905.148116748

1008.44687484

943.087803672

955.469650942

1029.79326664

1006.01381395

996.073709779

1145.01204051

920.74493198

1063.96049879

1059.23894665

994.173863024

1007.43857531

961.742967403

1041.20336646

951.992785861

982.626226406

994.207902127

766.44468046

1024.25361723

879.273296128

1027.92734654

1024.79371761

1086.62164169

957.213259257

1002.70360904

1058.55365245

997.26028246

994.342216946

913.29510412

1014.82761286

1046.19136756

1056.15902587

1083.98274401

990.768129869

945.716017099

1046.35235807

963.394610397

959.342248743

1004.56522242

1074.87912433

1040.78175551

1024.31904048

1005.85704784

1003.1391506

984.835820594

891.403973134

985.737793726

1071.34736909

1014.80466538

956.979138365

935.048526819

896.588672622

1043.48360599

928.408803975

1049.75286289

938.787468892

990.777043351

987.136568128

1004.95775977

1011.48624403

1104.31797482

979.383059574

1020.44596862

1002.58666092

1150.45439256

1078.11385083

972.271319413

888.414657965

944.526102913

1131.6662521

942.627455353

994.496751508

1065.43691847

1024.32351091

979.727304729

977.515367405

992.743707368

1027.22934538

1036.74703957

1054.15270328

995.093678773

971.562838566

1039.56465643

1027.84766382

1147.79829316

1022.14359948

900.186904572

1035.51598172

1023.83041961

1095.09717595

1038.13003404

1042.17802721

1013.86570247

954.256303782

952.40201634

937.747302294

985.99088029

1012.6832053

1025.9733156

962.752906365

1041.41923513

976.671021223

994.448494845

1013.62886054

1036.03541832

1056.81015395

962.570898833

999.984885643

1038.48398511

982.061554828

1080.13418979

1014.48181936

982.568163969

932.398059059

1053.85711477

1061.77275005

1026.98621999

1010.79725362

1029.87599007

994.358617097

1146.32210478

842.842856432

1045.5429697

1083.99113378

966.472058481

1094.08853089

1046.37032017

987.692822526

1018.96577583

1013.56686334

1067.47244166

1075.4328938

999.733948407

996.887794121

973.34625656

962.578649008

932.490046544

1045.11318004

1059.84230011

1002.56144925

1065.4342902

1010.64904136

918.801979213

1040.49167073

934.444963015

1002.23225811

1032.49446002

981.875092257

1113.13641194

1021.56046694

938.624086625

962.246562796

1024.69389321

983.047360207

1021.81709434

904.041455707

977.82155996

958.056885905

1018.7142056

886.991186973

1007.31504361

956.916467381

1075.22115039

910.639980286

1007.71349932

991.884959776

1009.17459518

1037.83921547

969.024571599

891.163869548

1032.70175208

1040.83994445

904.662753909

904.044556055

1030.66617697

1049.26687395

876.47024847

1092.38889699

946.635042862

1011.7853319

1061.39419237

931.321784304

826.881235027

958.744145495

1007.15250268

1003.09515609

1082.68376006

958.474442533

963.350117027

1040.34000753

959.660141286

974.260296301

955.18566576

932.883665614

962.135298994

1029.00146856

928.06229481

1027.35390231

1054.60804422

989.620812218

1008.45728272

1058.46097421

906.827417943

1038.18765217

955.083558294

1084.86748429

992.166714596

921.329176548

988.373381623

1004.14523153

1035.12657586

1030.45487727

1001.65792399

1074.92585686

999.102433034

1033.01663194

1035.70979472

977.840496504

1056.1971308

951.458059639

1062.56732071

1066.90350526

961.539883481

872.580580576

933.066758672

1076.3572562

995.011767253

1075.23228466

1089.44831069

1060.82019372

978.227531073

1005.39643404

988.786920567

1021.79073995

999.760605827

917.335499437

997.522246104

1018.38577512

938.032932394

1051.48010877

1005.22171933

898.846889301

1022.98144361

959.308694219

972.801872662

953.319567197

971.57387421

977.586523832

959.701796075

930.704128173

904.460871443

892.287172809

1087.91166137

1014.80463226

1011.46464426

993.490428632

871.352766133

965.648990268

1019.09837013

1014.54267772

1001.38880691

1026.13402566

1099.60824781

1103.87060895

1114.08273982

923.276996124

1000.53103491

899.772531115

1003.79307961

1001.06071458

902.899556114

947.237153576

1026.33646483

1018.71897726

974.623762554

968.452239237

1063.2688351

1003.60466599

957.974319279

1021.64876892

962.963847232

956.929528298

807.525994464

871.705353729

1006.004876

1089.62371848

986.894011299

1063.90593965

969.987196011

1048.93670939

1005.14656126

1114.51485864

1002.30055362

1044.33175761

1024.60808789

1062.10101834

1060.24382701

1002.56725064

1087.3525127

1068.18561054

998.73337411

1041.09338567

972.67751112

1047.82116757

969.258383459

1085.7968589

1109.89179926

940.306327157

900.213961396

983.762701341

954.247062289

916.114000689

1132.85813642

1008.40923318

925.058421401

928.299876869

1003.82067775

1034.84326616

824.17234517

806.866690944

930.324406441

973.012172193

1045.94851045

1103.69264516

958.138408766

1022.36988058

1006.83954817

862.627359136

1040.07547806

1059.07013732

968.530600923

981.037024596

1040.4534518

1046.36708533

1001.06516894

999.031769467

1051.34558332

1044.65099276

1064.18417024

1041.4571848

1015.43802204

1086.94460926

990.179155313

1109.48942844

1046.38774593

959.497189035

1037.71095657

1161.16422087

1024.23469709

1001.69333761

1110.25088036

1096.64182393

978.91137419

986.302085945

954.654348444

1045.28146102

1053.6176688

953.635218348

960.379624173

863.677341732

924.107749177

879.572939997

979.034346774

999.3750337

1026.08219779

1055.94924379

1114.48434534

1022.6086128

995.711059425

873.150665291

978.848099971

987.437866515

966.136390401

1006.19331907

954.1382068

1091.36343224

933.960807266

1025.19099097

1065.86234321

949.285070831

880.435314245

1014.83740913

967.193301093

1127.53821504

1021.39647039

1075.26728067

1028.43691146

1008.13478731

958.822393603

982.186897363

1088.98995263

1031.44123799

1011.67358574

1057.01462867

1061.7848338

931.870756664

1026.44754629

1088.40864952

1005.60038566

957.017387063

879.714896584

1024.45929963

964.482684408

962.106401688

972.303480282

939.649740845

1040.00389178

953.648034535

973.54505668

1003.32234188

1002.61431294

1057.73963122

959.266357883

987.708871383

1060.5263743

1036.85003239

1064.98349308

1012.40195062

1012.21578558

1034.33379796

976.567194929

1030.48445633

929.524394437

1023.20176609

986.612621199

978.192597575

999.975944221

961.26490196

881.147191213

1147.147178

968.910115291

1037.10879215

1009.39784582

987.437155734

970.802995813

953.971026292

990.293234169

975.202832499

988.087633734

820.128296342

963.205547133

1009.09689005

995.363723776

897.509230504

1081.35651819

849.257171062

1046.61449218

1037.62874294

1007.36637927

993.611524764

937.631216599

974.775132288

924.664554433

891.893062606

997.942464754

881.58203501

877.149581322

886.604908956

996.517600003

1004.70910702

912.599271946

888.707484201

974.965113314

944.496516064

983.060538089

876.457376288

1044.89213304

978.457424248

1117.6413558

1068.44283009

947.365955462

877.870524722

1106.35592576

1033.72049556

1013.26918655

1037.53233888

1039.63371435

1061.99788391

1024.8365006

1100.70269

935.633506613

1081.20575127

903.762194838

976.043913423

929.379085475

1012.75452016

1075.76353656

920.979074777

928.539785168

1032.74626755

1025.73240794

993.400276838

1042.30857676

877.211546441

911.568627063

927.639212947

951.556017171

922.994876612

1081.05776485

1136.85906001

1032.21738065

1040.16444587

1009.05823675

1045.01917787

943.63815878

1096.9873175

1052.4921785

1024.56167248

1010.76556212

1027.06930354

1004.0942351

1069.4226859

1019.54977415

998.150842265

1006.29722813

973.412396026

959.172284407

886.083053971

991.859565346

873.964485592

1017.42130336

985.802446052

1043.18943347

923.507205105

959.407574932

978.815110291

1006.11229699

1047.95360291

958.235385766

998.693926096

978.52632491

1167.02160137

1015.49097827

1033.31083553

1018.43245136

1002.67800313

1022.90742029

1056.19624762

990.953827603

1087.53262111

894.220300151

1124.97049431

1041.21668621

1037.66582191

934.615234719

1032.5751379

996.373310959

965.107315431

970.455509258

1114.49272342

1003.01830369

1017.99071878

1027.28968849

1046.59969217

891.351578961

1010.59519996

1054.89491804

1036.85801049

981.050913176

981.373965837

976.627842424

944.931241307

920.124316455

1015.5335975

1023.46713142

1003.40559708

997.800897089

919.310913855

948.963604134

1063.77347054

1087.55094376

1071.87390724

940.828084338

990.882574

1089.02905433

1031.21107073

1034.23821044

973.17577749

988.800790527

978.784613118

1006.49950907

982.229116038

923.65134352

1078.2106641

961.980615204

1013.60458199

1042.81953485

1024.87228502

1044.27183441

921.875990173

1067.10656741

1007.21186288

1002.80856087

1017.49235278

974.419515334

1077.5430141

1079.56251805

1066.08476568

1011.44662974

942.306031583

1043.99667803

935.381032203

1033.58782722

1016.27954441

930.108735724

967.629316609

1002.14208299

928.688368924

1085.272676

912.676491558

1102.09740782

1050.62064182

1025.83667804

989.514940947

1008.38201233

1060.33110798

979.110365088

1016.80784125

1028.06165923

879.991989414

1003.59855427

1044.52156319

922.704515097

913.034600391

867.52501499

987.169789684

971.660059991

982.138466147

1003.92155923

1010.1891416

1043.54137346

971.203478324

924.875183141

1085.84757579

980.625113896

1010.98529129

988.180922647

1013.72862049

1034.23908961

987.415269018

853.543885645

1055.20565031

1027.64672162

1035.77704847

965.38377578

1068.26676118

951.298395978

987.786540868

988.608646622

952.599253032

1073.74760634

997.28946209

957.413890785

1004.94027368

1062.70074548

1000.81378155

941.327977406

1004.54511131

1087.8518639

985.647053408

1011.34007816

959.066347368

1105.6884595

1043.3271947

1002.05230982

1047.10498317

1036.00900483

815.092237969

1038.75804837

1024.65899925

951.150171155

1025.2532871

972.821878374

882.667242279

980.793366329

1027.32996048

1038.51859162

963.392730127

1077.08631886

961.10877851

1013.87813871

1068.34179253

1009.67256516

874.636041334

1020.26236282

947.480304033

882.783314276

1041.33002768

942.391505946

1018.7945247

878.165697274

1067.35850596

1054.29401079

930.896924011

931.631881603

997.650416045

1013.02929894

1049.31959384

1006.07149903

1077.64218515

1095.70315554

989.402750955

940.926179749

921.324835257

986.511133326

1039.55942386

968.599918978

940.616905094

1042.34726222

1038.50266785

998.768178483

1087.49020535

1004.70625328

1090.46849405

923.999273498

1085.04663192

981.055585253

1088.38494126

1042.29652022

1012.22241049

1029.94114313

1078.57840077

932.729277532

1103.74206862

1031.86275739

959.400728439

938.778379946

972.748145287

962.696082429

1069.55020324

956.122570056

1017.64163958

1031.12089382

995.063216632

977.076310105

931.567269741

1056.03715003

1046.64471501

935.860965576

1035.28292501

1008.38529618

1020.81145558

939.27088131

1111.0311523

1048.69088375

1071.39771658

1017.69410839

924.668295911

997.792948861

1015.62031311

1030.53384956

1008.75476855

1002.43819153

964.935778594

944.755625647

994.215832725

969.915598869

915.46055408

912.807018938

927.552302563

1057.70505482

980.291148395

970.590431015

1032.25060454

1101.53148445

951.243504066

965.247194805

1042.22816653

926.140568181

1064.314029

982.242566661

1023.56880322

1060.89536198

936.820460527

998.956981207

987.384479331

960.333511724

955.67385588

1096.11665431

1030.82255196

1066.84992965

893.540450817

927.770551208

1029.54328908

1044.71967882

953.742448091

959.899625427

997.181802564

1016.59510928

1070.37966252

1015.39303648

988.548016328

1018.55046614

965.696016375

991.403556723

1028.80402145

962.369132967

1003.92945124

1030.68462282

1082.70082691

843.168363701

949.602409159

1032.18329404

971.417802216

964.674485997

973.875674904

985.644630137

978.784779826

1135.42690628

865.738384583

1024.55797569

1036.28138355

964.789233671

884.18253164

939.437153627

991.739530882

947.302315061

1017.87969358

994.765301695

991.762587424

1018.77220607

1033.73184237

862.08001242

923.33359651

1019.36830945

1002.38237731

1025.2006078

967.989135405

966.481995496

1000.48538782

949.728350449

849.563966455

990.610849265

993.627901998

988.256907142

973.118731099

890.759710956

981.573727947

1001.05942569

979.753090064

1111.22210366

990.358500684

1014.18575246

971.217527623

1053.52396504

1005.44606826

1042.74173643

973.507067621

1117.60238673

1035.12206622

980.295504179

999.975963602

907.650447018

972.140522295

1031.544791

1049.24013355

961.342961976

879.085481181

1013.94148222

1037.17830767

945.66250441

964.697048581

988.381419158

854.761519314

1005.41729186

841.808269403

972.953809087

1037.61353057

1022.27700182

1035.45287059

952.832134034

923.205346421

982.677067903

985.924951547

882.426002459

996.929592994

958.62025681

935.265541171

973.332210693

924.210727585

1102.65622048

979.027156086

1113.42477851

970.541584365

964.288772385

967.402233689

1023.58817792

964.936235299

971.304331009

989.406001732

1031.06252102

865.451678616

1101.81484083

1061.20936339

1000.64909868

981.752949895

990.617786036

964.299878583

1012.90130815

979.644776643

911.035046687

991.102119404

961.308072684

1019.92751879

965.779845804

1061.97637701

997.874510244

1045.49962697

1051.44586227

960.914402365

984.114848651

1029.28826111

979.178017233

934.6029135

941.475825519

958.277141484

912.905900457

1002.09662719

882.012237933

1040.52480493

1022.25367178

1034.62638358

880.084238898

904.428390058

1018.84086122

972.039567771

1034.7682149

1024.68887919

862.484815926

985.071091281

962.4395501

1106.53912972

1025.14792432

973.493584332

987.457095696

975.543432669

897.583066022

936.4198366

856.268073518

987.348328535

1080.596072

919.458807938

1095.81533147

981.775873397

960.094030798

948.740072995

1058.73447909

958.219071203

1009.89108433

1027.2083276

1002.57673146

980.68979325

1098.0429564

991.160877562

964.342631533

913.665633792

981.432185286

850.115185991

1022.35923225

990.481140304

905.528180356

1022.88827384

1075.30483211

873.751659555

1086.54590157

1060.53946875

920.511155093

1120.50184936

879.971579329

974.188111244

1008.1750464

896.077751952

939.064146864

898.845035263

890.386067326

940.779646053

992.760819523

990.896849815

1000.56186121

936.214609092

1041.98277929

995.874840614

941.246563626

948.5526367

924.019952792

1005.23863851

1051.23865188

994.06168316

868.152433334

1038.50029273

939.448745542

994.092684151

1054.19706555

1052.20830995

858.636764757

959.757411383

833.288258728

955.472498914

971.928418106

1009.95094506

1071.61957733

1014.88208508

819.951962356

1056.64672462

1021.19856307

992.837622938

1017.49366524

1058.78880393

922.933425569

1019.10207093

1132.93899639

1093.58606226

1099.27836488

988.25351908

894.76173702

1030.88991942

1082.13396853

896.959528431

914.84251084

1058.46551061

1034.02154113

1044.54797245

1051.9095213

1007.971025

1032.54453881

1045.52260144

971.773336575

969.582276565

969.277173273

969.762258828

1074.56088474

1002.94790608

990.942043032

967.534940515

962.627296889

1079.88501185

992.053187545

945.67500914

1038.12106277

1005.61351476

982.442967882

989.370776599

995.784127635

1002.14535345

988.375328595

1042.04859362

974.261373611

857.464883596

982.161281363

892.32744847

1020.80283648

1002.33560529

1014.96382305

898.356062257

899.79658709

1042.14561888

945.212864437

1017.85052469

1061.69232779

960.232044673

1041.00895685

954.643901399

971.749419441

1005.27217534

1054.07943458

999.151887617

979.444948831

987.118193084

1008.65335726

892.748019458

927.902048505

922.263086689

942.695182847

970.451322174

1029.21083104

1029.77099416

1006.34969462

945.229630387

1025.03796246

1052.60293615

1014.02824401

1006.96841306

981.040973598

884.958041086

1064.10795636

1035.31444719

1068.06966393

1047.10345858

991.186092401

1075.24838466

1029.299833

868.727660828

1047.96486917

1008.83672417

1054.86598535

1116.79660714

1040.39491034

1081.4221175

971.705022322

1070.38337148

995.072536683

1025.94188417

999.496784609

1016.84676724

975.477985296

1053.91055141

1060.53918426

1007.00723899

1002.47743884

1067.85791785

1081.13113101

940.629868448

989.596389836

1015.93439235

1040.35665922

1019.41261986

942.975009695

1050.41845218

998.377915827

1082.25241539

957.044648537

926.272342983

1099.12347986

1079.1653328

1156.32839927

969.881650029

1054.30109277

1092.9902927

971.070856403

956.582828139

1037.35259321

1072.04497026

952.474183983

1035.21929181

923.354214957

998.789657321

1043.71694688

868.831139427

939.562459025

961.552431077

914.451714084

982.509366245

980.868731871

968.5852664

1047.60031468

983.058666292

965.985602429

1030.94189154

1052.40770025

1078.83732677

1018.68178021

987.10185152

851.3015307

1046.00387091

1039.61028253

901.496033791

914.567219786

1035.53565879

1026.49113245

1028.71547144

890.464494182

897.853680497

1008.13093672

969.465381427

1115.72932967

1036.79098233

984.716604332

1032.78533443

1033.19879554

1009.12222325

1010.12308122

986.136430836

956.78126152

868.241087533

1010.515062

1009.59096006

1027.22850617

864.463161469

957.499623178

938.068812372

1058.29965124

1044.62244735

1022.15477554

949.428415753

964.469893637

1051.44774298

1068.14595931

905.269087253

1060.87021856

987.226631883

996.571174603

1015.76489538

952.080721339

1017.03058989

1013.40989162

888.331333066

911.064192596

1027.66639579

997.167549241

802.055634272

1011.46588458

959.689070737

1043.93518089

955.119485434

955.648528355

1115.48726507

1108.90741725

1004.14605386

1087.05436769

1074.63555301

1048.56656034

1090.56800759

990.298215865

1001.86562744

1066.36460058

937.788814141

952.311883537

1004.77234663

958.514484263

985.290600242

1010.05625168

960.625142932

1042.29387159

1017.04302171

942.445785779

916.193150194

1018.76230159

990.668913639

947.689993566

1096.83388441

976.32574034

1018.62536556

1016.34208103

954.69375356

952.21078428

978.667883904

860.795298992

949.924915572

962.656047017

854.026681248

1149.14543633

1028.82400948

959.927470339

1089.49290178

919.626783944

1036.16514197

1001.41461686

882.628900416

852.890111157

964.91591608

1065.18136903

954.67768364

1051.19620585

909.469592013

1043.38023639

1044.05792012

943.203407964

955.816759929

1064.71311404

1099.62169932

1031.27273746

1060.09221693

1010.30893807

1038.02775903

1057.13806434

1013.33953166

1046.95551842

998.102005547

921.504133202

1005.6669513

1082.41401807

963.473106912

934.92828096

1018.3842958

1004.99648686

971.155408537

1020.60288185

981.839850393

1039.36068547

985.859480318

1059.49288826

1004.15396643

1052.05817067

993.722345565

942.883743997

1014.4461664

1020.77578411

1093.24845

953.584925658

1063.31712963

957.191779127

997.617145002

1007.17102657

966.060889985

1038.42663486

932.785444846

857.220090164

1046.51948569

899.501095173

1021.99159147

984.682490139

1092.27005768

1034.7137822

961.796591729

927.084222725

979.098458908

1034.75785634

1068.8378922

1022.87788568

985.174098697

1007.34924769

988.626097708

998.040522053

895.552428768

1041.97275878

942.968124442

1123.91542875

1075.6832552

1032.21919267

983.896144482

891.183269181

1081.29201223

1115.01480515

1032.66435202

1092.76961353

994.730017824

981.319355721

1025.57802038

1042.71628086

1033.56310028

1034.48847049

1003.04439666

1024.60875043

924.664625738

922.718668427

989.749356297

957.999801991

1034.35951983

1069.15171817

1057.10584484

1013.42333803

1028.04710999

1069.73531771

1073.75058509

1060.84773761

1083.61791952

995.928269403

981.521573006

1026.10512486

951.767995295

1004.3372894

946.590108093

889.270821616

971.699551854

1069.14462986

1007.51917473

1002.68306381

891.70375002

1032.84256299

1025.80377992

1012.9725033

851.696888986

1021.16191

1113.89642483

973.962893315

975.361060072

977.780618528

900.053309955

1105.73467047

949.415497828

907.08416939

990.511351591

1050.79242542

1071.98457107

1071.15051711

1079.13355656

1008.28301047

1020.32613009

1183.17798358

960.154788254

909.653895591

966.668615239

992.05504683

1073.10727514

1136.25329049

1035.69445635

1056.12975928

1057.42879111

929.965046027

1016.59287991

952.170098505

1101.97150044

974.776182385

949.912935197

976.758623197

980.395786392

1014.23808609

971.804246265

1066.0409509

971.550921417

994.81581365

1103.31285864

1075.87822801

940.170043635

995.867668333

1068.44880739

1040.84978212

1018.85388238

949.225797085

899.78818608

1069.69131678

995.0704672

976.136478298

992.259334639

1077.11200747

1039.53566584

1058.17770545

927.917136133

964.840439952

1053.71524231

983.69546603

1067.57416084

1076.4660612

1046.10855287

958.399772915

1023.70616657

1012.13752569

844.825708336

972.365437289

969.414996691

952.538649044

942.461141972

1063.58490724

927.870260445

1035.45487382

950.050409197

1011.60070188

1014.99163099

970.015379733

1020.0231727

1098.85562679

983.854303159

1101.00305122

872.562997679

990.207564433

1039.77349812

1075.28713373

1108.02606707

1080.78539382

893.694380314

993.21108414

1016.44277395

1092.8754143

1078.8428324

914.455300808

958.957137335

1031.88960523

1013.18046158

933.123780511

983.979851317

957.118275806

1023.73109835

1104.11008065

994.319807733

996.947438552

1026.18126652

963.01220105

929.594393752

1034.0615057

918.772543487

972.062117967

916.712241453

974.348740976

1002.43127188

1011.85767356

973.356597092

882.602657155

1002.55985625

1125.3934972

980.946315562

951.971308695

1147.10644082

954.19362236

988.267978362

979.495039393

1014.59969125

1080.84447506

1060.42914613

997.7927652

1039.33719937

985.997365072

1036.43516415

961.077014824

1088.5774391

897.941721572

966.237831301

950.055402707

915.904357075

1047.60817791

1006.9295511

998.343875229

1036.67561536

1051.91610578

1005.27773204

989.925480957

980.343417526

1021.34994164

1019.40848559

974.648673078

1053.12634849

978.318740657

1018.138721

1036.23080836

994.48266071

959.893170314

1017.85751462

986.935764873

1015.75942775

1150.05310017

1025.96538892

915.622029159

1025.07963731

953.880212057

978.875445845

943.452963516

976.409474274

1011.45588552

1005.36943837

867.505858142

1021.25085195

911.113193324

1055.54075695

1061.42701565

1005.25501722

982.142327459

1001.83765858

933.422997662

1015.5222496

947.95523094

795.843073928

1023.0630737

967.322271468

1033.91110823

984.054371974

1132.56230243

1101.00896794

1050.96195729

1118.36468515

880.192783347

1009.46736222

1067.00493682

1019.32824367

947.005099712

927.712435621

1102.66522297

1011.87900462

987.836681704

993.578977466

996.102163847

1082.45028112

923.244879454

1003.15533897

954.593981799

1006.92119197

949.880795574

1063.74990702

1068.37286149

957.910892627

900.984768234

958.118760804

1010.60802143

1044.09389226

1051.85311225

935.819859865

969.515587427

1000.34798141

1032.11319425

974.919197789

987.600635746

1043.38558199

1030.29514734

1066.95378259

982.823052124

1109.03976519

1069.79768549

1025.84206775

923.249390015

946.687975171

1068.45979591

966.890315567

898.569111963

1045.40979847

994.196025662

961.009586256

975.390708382

905.877645035

1028.67299909

992.346821845

1041.16237585

959.511787637

997.527510727

985.31920542

900.512500106

1022.1780799

972.205942962

1033.14843938

934.920230588

1045.74916139

1106.84966075

1026.668714

965.889217984

985.398765031

1096.67839815

958.183219692

959.598772997

926.091687069

949.066386544

1073.73545351

990.517239489

1092.48502688

985.453670849

967.395617497

878.731901376

984.850959531

892.312128086

953.799127351

988.868658339

929.583139531

999.786729738

974.501630302

1076.82657267

938.696128753

1070.80866062

997.568026981

995.735284143

994.117604598

1014.17772543

1058.69789388

1025.40307485

1066.93281107

983.691740409

957.026307595

977.025326902

1027.96922992

887.103442435

858.450216126

1010.30252639

936.194725274

1088.37579966

972.648297923

986.400546695

989.301591151

979.495999285

1012.53322351

1055.67254464

904.30462069

950.63234032

1037.21687459

957.249541481

900.799763338

1021.85656821

1006.31097064

904.07433336

1031.71592232

1031.30859751

957.361601971

1028.99286994

958.856763988

938.181808684

1012.59691553

917.359227116

1037.69464259

1027.58905723

942.484913091

986.263503755

1081.45345251

968.921519762

1055.59480218

1055.4600607

976.198937622

1124.67513919

1108.38596659

1045.05104369

1117.26170961

1037.18736372

949.888030433

941.937637744

1048.87417346

942.869177696

966.557144119

1038.86982733

940.961231654

943.484232646

1010.76370147

974.5710886

1021.60444331

939.756266565

1000.81759198

979.941009208

902.734621257

962.565790906

1005.27212678

947.839669215

950.487109065

952.473266826

966.919977193

919.32153168

902.360012734

938.709874158

1042.25215265

1007.41393339

978.905157673

1033.30517737

1067.81200252

932.36716864

952.203362704

847.450624261

916.630313174

985.856858121

1035.71334721

953.040282788

1001.04366196

929.316808343

960.648792531

1017.50224934

964.599014754

972.764616369

1009.24491281

981.259708767

945.623264331

1085.88607937

960.798789861

1042.85465695

1106.34366178

984.158311352

913.263663887

1095.10317151

1058.20298151

946.952161511

999.163534818

954.751626563

890.030627265

978.554958549

958.870534583

985.682739737

913.92749336

908.032242949

1070.50380295

957.777569915

1037.97052051

964.458401417

946.634219982

1005.46646408

942.610217509

1029.12588641

1030.84122088

990.547070118

935.724130977

966.593164974

1008.49840988

916.838201991

970.282806696

939.552030829

906.831031797

995.5720072

986.420691763

1000.8993634

1034.35060896

933.375064754

1139.63134658

994.414466546

1075.687904

957.518117982

927.39884951

957.988324695

992.782901837

994.78426778

1041.30369871

1042.52777377

974.348948789

875.677809689

1105.56399591

906.436740041

949.119811852

987.398048516

1122.92609607

1007.40385719

931.9818298

1020.09090956

1059.38813089

1080.49152611

1091.01771007

989.859757866

1014.33672693

902.220066033

957.106468371

1021.98899842

1014.09907743

994.86754651

911.43784021

920.533138533

1021.78292725

943.852077098

1089.6311816

1034.45560793

1049.01034878

1041.78421813

968.172342234

1103.63853745

1031.1026565

1021.35794333

944.334713153

1034.79994859

1055.25677727

992.810447204

1130.6043073

995.730725395

952.096181616

974.819713886

810.641743828

959.613328749

979.969158419

905.362041165

987.812548906

991.565695811

883.481280379

1010.03434737

1037.09500258

1052.98162451

1087.78622264

952.667912722

1017.24565902

1050.27051204

895.769227492

999.492654908

957.227862626

891.675709518

1045.57516874

984.825532663

1094.23903119

1087.26071917

1042.43341181

1049.94972579

963.057021481

973.460822157

880.056491

989.717101907

1039.74294215

1002.0424416

963.635887852

1017.2320992

1012.66017258

934.951224588

871.422934705

954.138224798

1008.47469364

952.419966642

1002.05140153

835.645001987

970.589679143

935.007577894

907.191656638

993.219953799

1045.04689062

931.635662453

1032.18306215

1027.20321925

923.6798349

941.105875221

996.364523972

1023.03043247

996.346976317

1109.28804449

1078.86795239

997.572703964

1033.96407423

1024.664481

1006.31685313

889.708937506

1052.01099544

1018.56720519

1048.88863553

1040.6048763

994.369660124

1032.58157756

841.282152931

999.623066349

1012.86278358

964.000885876

936.705316072

927.916500945

1032.43275108

1018.00841493

939.795982848

1103.46553004

950.40326577

859.358706987

1033.26534831

1005.87961611

1063.48541519

971.482102458

1050.59829311

1048.8405288

1031.22287791

986.504579982

998.176730051

966.662031226

927.145770693

1042.72000517

963.423935703

950.42326903

994.619332259

938.705850525

1016.34353455

1038.79157387

1031.89267776

914.851492136

807.722495378

964.683352081

943.889352744

941.450116077

1090.83155832

976.260444315

1087.91193256

973.689487184

998.155674119

1084.19922963

933.31516912

1019.86087989

988.496890801

1072.59953764

1139.69324851

981.316673977

969.731799287

1101.88533707

992.233286493

915.749731806

948.83269809

1069.75054084

1012.95574069

1015.95674969

929.750855219

1112.70493343

975.56207961

886.924217925

938.874833989

1047.55009556

914.490245589

1028.17989733

864.761791929

1038.73625168

959.038433496

920.553100968

985.175023652

1013.10947412

1006.69705345

1015.7017142

926.753171591

994.52555723

996.411403134

1020.15000223

1111.3239033

935.515614204

989.563507672

922.792504283

1018.02925283

1028.56156037

1030.5100602

936.374967384

1089.63847759

1002.03715893

997.268794771

964.3905919

1115.21522347

1017.4950145

1039.11257533

923.538430941

1013.99106918

867.135315137

1076.66398665

894.484846872

971.607632911

968.133963412

1094.22994024

980.009485924

983.230623839

968.777868988

1067.69416797

1015.84568249

1058.4292246

928.983413532

1072.8126428

910.986114217

935.974072649

1096.2182311

1162.50492573

1043.24880078

986.53948265

1058.6230798

1008.82681876

927.498633004

984.719188122

977.339312648

1133.5692761

1071.80426002

981.105623853

1047.38038947

993.612032848

1050.70744687

1004.05060428

934.131521797

859.83186537

959.811608985

957.164500814

845.123796236

890.394531942

1038.20783557

1042.87159183

1010.05414341

1024.95537132

1058.26103578

1062.37617236

1085.84753914

998.003646647

966.886750749

1124.08302068

1039.26167468

1071.91354629

1080.8034006

924.78037547

1082.29167153

1025.27425595

980.722850747

971.175698322

984.398568073

1063.38470464

1030.66261273

1049.80576368

1045.71356028

1032.38384682

979.081937093

1002.50314076

931.338741618

885.916620635

975.485566832

1017.77284217

1039.89113071

971.981319424

