17.4322707247

34.7744981335

49.9663537504

14.8484090515

28.6890695318

34.042476495

20.5139142567

38.5374844439

35.6818569996

22.5882724584

29.2247358584

37.354921324

15.593764727

28.6340002327

14.6477546626

19.0892107361

51.1337519812

54.979822184

52.059178796

28.2390623046

23.0844241065

36.5145033286

5.09392537045

33.6694409776

52.053126155

41.6385198438

22.8403320236

29.8875906034

38.2761862296

29.4092768527

16.4926434093

21.0738901548

19.1859569092

66.7350377422

28.5555457091

26.4196116854

26.5095836514

18.551309622

30.7622027258

16.2148802975

12.3119714732

18.5989841006

25.8324852777

26.8969339003

59.4642586119

15.1111796887

14.668851179

18.5889275337

21.4861008813

32.9100322156

16.4830510471

42.5779796946

23.7108553511

29.9929272103

26.0685501226

22.7580007398

38.6847794946

24.1138117632

41.5337740765

18.1196267954

34.2810675804

19.1396731556

32.0230059834

35.4724477845

15.5861168638

24.520419887

25.4382008696

31.9265719486

33.7363307448

25.8412181008

30.7178398905

40.8348624985

21.8042609353

16.4409174468

8.8822167935

12.2135754003

21.1837664394

24.9171986286

26.9722354259

17.0153200641

50.4249374392

23.4510743629

26.9506417181

16.1415648634

21.0096476034

31.6426055152

19.4083436561

18.4291730508

20.8072086137

51.9043131975

28.8367003055

21.5659570958

17.1354619884

17.9932787233

11.3540998445

14.9181013966

25.3361119799

44.7469039083

82.4659109735

25.5946297748

23.6497091428

45.455412252

38.4905538428

30.3389259734

20.7929892644

20.9035081838

29.3798969201

47.9184123584

35.9146460099

24.8735206362

47.590960631

32.8565788771

28.4589617143

17.0326925079

31.8560529964

33.6191129359

40.5726862008

21.0375991055

13.0100554265

19.2439604549

27.3476303726

23.7777319787

25.9830328678

37.2731025481

12.3702838879

21.1733280641

27.0606291916

11.9085355318

20.5080828812

23.2430392851

52.8216933919

26.8615155257

22.8467145341

25.5693768666

60.3806422571

27.5445423501

23.4777738711

64.8956861433

13.9858670133

26.9335648602

23.5219641679

21.1582280479

23.3712445128

17.3762498775

36.4570187762

30.5142885903

27.7365978653

33.5418496159

20.125638217

22.5691265197

16.1413885388

15.7439679835

18.038802266

36.1602458941

45.310795193

33.3855256306

28.0036804356

38.2509603181

20.4389242282

22.0628415917

18.4782187397

30.5937140738

17.6850771861

29.7641584819

49.7026386189

42.7252859418

16.9876984874

48.4004306075

25.3480346559

52.6628085451

52.7153233824

53.0417776989

32.421798937

20.4164470209

32.4874303064

16.6420098408

20.9802720829

26.5730878562

14.9507668104

23.0247841019

39.7269034121

26.5718601598

35.4429787276

51.5737493568

31.686898318

54.9919813918

43.5533903518

18.2567176672

19.6704183872

47.8009431653

25.4676221147

28.6247033773

28.3135927946

30.6280649339

35.8694763194

30.0629812914

17.0259481238

16.9481039924

36.411147647

15.8254345388

43.1920860783

18.1483805076

20.7179870987

29.3776299744

23.4084990959

10.4245690758

32.1193944866

45.5573200865

17.6009776143

33.7724215871

14.4680709263

17.7769590148

21.0028516568

25.2954660465

28.9326650533

43.5422129093

32.2303305559

35.6540303893

29.7777482453

25.1371734564

23.2884488072

31.5864734879

19.0894233373

28.1609781669

20.8527611893

36.1035663382

38.4783963576

17.9012926011

63.6562007632

30.3923166447

7.53514641734

45.6023853356

10.2167615315

22.7333499053

19.7507419185

14.1473547776

22.0210429795

27.2041277607

31.9041110836

20.3434563318

25.5028310983

22.337103156

19.8306846332

18.3335786591

39.5521580333

33.0204180927

21.945883423

32.6932493653

16.6765417385

19.383786028

31.2629353768

26.0853425699

9.03338523295

22.0626189063

13.5990736004

34.4941460044

24.1368207963

34.9169514367

33.1776506637

46.7386955135

44.7552088578

30.3456939242

13.909387145

17.5918342609

10.9167599556

30.6078271458

17.0681929272

17.2122368858

22.9004209724

15.4371494523

19.4948270011

34.1586964396

44.5707468815

29.6168340658

25.4968241769

19.6979258181

21.1377916297

22.1320823761

27.996745404

19.8595302386

59.0789662866

26.2473730908

25.6251634158

19.3114713643

27.1146761082

22.9528276368

16.1770009151

24.5924705803

23.3863038843

20.9924637737

36.8501164718

16.4224210949

30.7422299224

35.6075406987

18.7345562897

22.8854613782

60.1028320242

14.4173598632

18.1833844765

31.8412135928

31.0061759045

24.9829964621

17.6962979042

21.4683544121

34.6015312679

18.8344955809

18.759705645

36.2852687598

19.8952825836

44.5325843359

25.382730835

20.9009515743

25.5595048777

27.2454712028

23.9160607052

21.8876441405

16.6214709223

18.5019275109

19.1531769626

50.2465362553

19.2034494073

32.556057914

32.2790007322

71.2113627523

32.9535851987

14.3932150722

18.1721955476

31.6355906748

24.4743871745

29.1754990838

30.4017936977

28.1182389025

52.1554015593

31.0329896143

12.9134462692

36.381040132

42.4155678483

15.9906660221

28.9780177983

25.5948591425

18.6533734114

16.2309378089

18.1017253634

18.7497234941

24.9277747525

37.3761357303

41.4385058555

24.3803729216

50.8347388814

54.5350401167

28.7571690978

23.2270170208

33.8362696636

24.9214013882

47.7775725778

19.4124734174

16.1556442991

12.2396925511

22.0645462142

15.4502372571

33.6220454221

27.5210760974

23.197262922

30.8655845752

43.7236413264

19.164440274

17.2412935465

35.3011092506

17.8793854675

20.8454324685

47.1258517328

26.167145533

48.9913804687

19.7587570261

14.9898572688

23.3014425968

20.7393981573

40.2780665374

23.1496067221

19.8438710491

29.6263345352

30.6640972102

37.674440521

35.3784516758

34.0535443258

47.0553209134

69.6377552102

30.1862076257

18.3418824311

23.9820632623

15.214883088

49.4986362688

26.3353879827

20.952476262

18.3777676207

53.0808012913

47.3638220507

32.7556063542

16.7153197111

55.6474695994

21.177339852

27.3745974389

28.5113076094

18.3012289563

31.1412314066

15.5070379258

86.4617245322

26.5900647362

25.0870193148

22.5037664584

63.4143346901

31.8704219031

25.8592006445

15.3276409553

14.1689090291

42.0168903439

42.8829063203

14.1440595301

39.088346173

13.7491418642

33.5867635002

11.8772570769

14.8095221096

29.2950241449

26.8467074369

28.6271449758

17.36992699

22.6077131459

44.9054052351

26.3011282308

51.8051120591

47.4185261295

12.8083055445

17.4926878092

25.4332246901

22.4637462211

13.8058854386

33.2249407163

7.47813361591

40.4673642572

50.5008985606

9.69086533137

27.2897207953

30.0463896124

26.4827045435

20.2462680791

23.5125831012

14.1156600406

19.5793718075

35.9857683814

18.9105894523

14.2139734207

26.4105998017

44.5455828317

30.2467135474

26.1546972549

25.9445857535

11.9734193343

14.2456019674

17.4334267651

33.6330340535

19.1464304471

29.5776055924

19.6560646177

26.8454698932

29.1143464708

25.0402523734

29.32343435

41.415769426

28.6823395383

20.0799913493

18.9262810971

36.3477420041

19.7702957222

24.9641296942

53.0658071134

44.2563384755

35.8486820206

17.4872655501

27.4195217011

22.4332530099

24.2568229084

34.2005744815

20.4382461918

17.4832215143

27.6366921039

50.1390456472

11.966440873

12.0736586424

13.3068034662

48.7956967638

39.1211896012

20.3501523711

47.6835912176

23.7879584627

18.8906715331

20.8267811461

13.4204756678

32.1721981393

15.8299201255

34.5550119238

31.58131748

36.8044263439

28.2660312376

21.571797805

23.7872419013

22.2782684629

19.9313679044

20.7402706585

12.3307408868

18.9726621572

38.9902228907

14.9468401191

24.825500611

19.7272464311

16.1514565598

28.3789646252

35.9287871679

20.6530793021

22.101078813

21.7834999294

32.6425833893

25.6233447631

15.7058712904

33.5128714222

14.5195983063

27.4589221439

19.4925546743

15.6987680218

21.6267738969

40.794116617

40.5359757566

34.634363332

32.9337156428

17.564806174

38.1031896021

27.7793929748

13.9362061281

35.8133955851

26.6098440142

9.29230337754

18.4458330303

32.7555139303

26.3642560189

34.6772919245

20.7401347068

23.6065929536

34.0083831503

29.7408217325

24.0260159455

19.8270496599

23.9021151221

26.9531694214

26.6896389416

25.531444822

10.6024618025

18.5358617065

35.5440648245

30.5235125035

45.2524789952

14.0756745162

19.9740067764

14.4110896421

18.370994304

29.9288457481

36.1709099341

30.3837970079

45.3577706913

44.9117942033

27.2188647587

12.5021748745

27.9187707067

44.4788682663

28.0117793684

25.9568110733

21.5475510875

26.7382772842

24.4061177883

25.2188623947

14.8861358918

19.5133999387

20.4162461168

33.311381101

26.6636988822

33.159819145

4.32415622652

21.5903816831

25.6503734648

27.0479405737

23.5208483944

40.1006062218

13.1313709189

20.5337295274

27.7165603857

48.0810078174

52.5568220822

32.227120108

53.0020390056

34.220377108

72.9512580431

17.5379409535

17.4969065621

31.0496475327

11.0991399358

25.768141747

52.4274173996

17.6046133368

34.2479646024

15.7116653806

29.5236255805

16.3563768868

36.1395824654

32.1627350437

27.3426830032

32.0987302341

22.2924291868

17.0069127801

17.7245858842

26.4505098157

28.3787600019

42.4242037594

36.0794514067

41.0942694357

28.3495235227

38.2397724782

20.2818028025

21.3132545871

18.0091317371

39.6371706135

51.5614405283

10.1765697253

20.8905618016

25.6654653065

16.6497401261

15.9575875496

16.5946941403

24.2479126007

14.486771942

18.9771863439

20.3492780794

31.7103205096

25.169019779

20.2637735919

12.6176909779

29.3389130466

12.2881516007

23.6663340063

18.6243762498

42.1009315318

34.2723802721

41.4494649314

24.6051654635

36.1682940859

15.7426897279

35.0747638771

41.9290804008

16.7937078142

16.2484754903

12.3724456264

31.278597172

19.5482480938

26.2333374617

26.7132623357

35.9748894226

31.8315122672

20.535129416

45.6045877444

22.897969103

19.8548172769

18.6983109368

32.5061192501

26.6478740538

24.4157278716

14.8201228658

14.2016014143

20.7680129564

16.6733911456

20.7336473862

16.7368875996

40.5409428134

9.31946623618

33.6827060202

47.7571495501

19.7438405343

23.8919539915

32.6347421877

46.0016152951

32.1298052024

27.2447553842

25.5254391959

19.7581288817

27.2949219458

35.35205987

36.3993720011

30.3537540252

63.9607736561

39.492972378

18.2893233253

25.8549594633

45.0890564938

16.9047672202

18.7156734819

35.6740627262

21.9394610178

24.0862158629

53.1035096635

41.8066443864

27.1041122766

20.6635631427

31.6723882697

32.1038033422

11.237360652

38.4575399101

32.6449451279

37.4664049801

23.0496125872

42.3369236158

16.1939081043

18.3793771113

20.685904529

32.4352369061

20.999529183

25.1924180892

25.0140886571

34.6899517154

13.0150012459

29.7685143229

32.9101403407

27.707454349

28.8145961886

38.6696848716

25.2153369906

27.1730444142

22.0401733673

35.597976357

126.952106431

43.3759156567

17.8210393815

30.0910075574

18.2892329495

51.4543327437

37.6764861053

27.9311391098

14.3194770287

39.3373576859

23.2728197077

24.4682111117

33.627985866

40.0660598898

17.6417978936

40.2498331479

33.9856611443

48.1446252544

23.1825041925

41.16183071

34.1082411569

28.5598251073

19.6640734562

31.4210590822

26.2804037983

12.6621259501

36.4679102737

17.5306207464

42.7380228268

20.9814722142

25.3429843819

28.7557951466

20.0874215451

63.0810271955

38.2683030271

37.0542529429

60.1669479268

13.6912290392

22.9108583812

18.9238418192

25.3606740105

27.0694826766

22.4440348504

27.8335914906

23.6613700239

13.9716523911

36.6337007397

36.4884197114

20.9739794657

31.1390493709

23.556474587

26.5697808182

21.7898394281

18.9190112292

20.4470278653

11.1313847848

20.9251830752

20.9255988851

18.3622637098

57.6675899613

29.7553716048

27.4704211872

42.3564170532

25.2277128853

17.7626673436

29.2490515693

11.6373983892

14.2066893451

35.6859722654

25.8781638431

23.7801404641

62.4160775323

17.0733581848

20.8537999615

10.7461015019

13.501571073

25.2126757011

63.7575401676

29.3996902283

27.9169022324

22.7577209649

28.3760747704

89.3522525842

22.1974818879

21.8683249397

27.0912430132

23.6321226198

30.985773849

44.4629569612

19.6179228868

19.5004126223

28.7859040959

42.3363769558

17.5294668255

15.7624599575

46.9648496515

42.4084505111

23.5274382449

19.1878386919

42.4864547473

31.9209668145

19.1476947037

27.8706126358

36.9741800367

16.3334524198

17.6313152441

42.8016930677

25.3238965982

22.3210414497

20.1240085311

48.7212408105

25.0003361787

38.8407076498

18.3326819148

22.1728251921

20.4003960563

23.8789821243

25.4300586409

26.0739962587

31.7933073274

9.62759311719

38.9133281356

16.8819503319

19.3246159667

22.5954871704

24.4627325354

19.9180088536

38.8135826669

38.4140339734

27.8490030063

16.9568686978

55.9213282301

18.4603586673

39.8071084587

30.1074892958

27.430840556

15.8719526038

18.3672343494

20.3223639132

13.0039420937

26.4489519817

40.0438723773

26.8035334752

29.2745290292

26.8727750439

22.7270136949

14.5947293652

22.1142611387

34.4292118231

34.6270847197

9.49832807424

26.1013801398

24.2113166736

41.8639526142

19.130700737

42.6960218317

17.3795604863

14.0883936256

27.7419879419

23.6049279278

47.3742762915

28.3897888769

21.7409310936

30.5022340291

28.3754857823

34.0520535653

24.7904141222

26.2176344587

40.5748540527

20.9376551852

28.750586438

23.7107668069

34.1244228981

18.1076825021

17.2562379369

26.0419819478

34.999287559

37.3267568491

17.3793050385

15.6652066765

18.2452744473

24.4255033131

29.3197172313

28.5058076544

30.2216931358

38.6854428904

20.5692946439

38.6474901708

19.6012961496

20.7442570007

17.47102691

21.3427318693

24.0907942995

24.4648996297

26.8753483012

22.3191788695

26.0395427529

29.3987309831

16.34006687

42.8122321241

28.9124683556

26.2652630121

27.4794878051

14.638026887

40.641503034

27.3704095266

19.4920933771

16.6268199523

31.095401148

24.3621660738

33.2499119483

18.154483637

16.7466672316

22.1441141985

21.7899190025

52.1202631772

22.1717459855

24.8587999267

21.6523968176

19.6786287713

27.3226890481

14.1956847167

40.6501191834

48.5996831176

37.771783832

24.798789685

37.4439310151

17.5312793803

17.8866827671

27.7896858042

35.9182388442

18.4426572244

30.7642845556

21.5417469988

16.8471909851

30.717116971

53.1087279006

33.3162251462

35.4792161489

24.2161186767

41.8752874681

25.1569088682

16.7752870132

40.7286137078

23.5393366689

82.3596653147

44.0706811884

20.2539660144

23.736271605

25.3114910005

48.5294798106

55.6603263897

13.6692814844

32.0550907848

27.016049675

34.541491552

24.7545195654

48.5651347865

44.6992832838

28.2290535833

35.3451027392

25.4696292601

35.4055440431

42.6308480272

46.8985673257

34.5179328327

26.0322518707

31.9192216334

35.4000984875

9.59810003293

21.6964381575

33.6488786582

29.5388587624

12.7672455874

41.9262011582

34.7767651865

29.7448479905

23.520810946

18.9768855569

25.5710637833

39.3180518468

28.7343589292

14.5933286834

22.1734284722

38.1216045897

27.912673532

32.7429432707

25.6828837041

34.9469778281

29.7234775784

21.0244769211

16.6713890977

20.0948326738

16.5094139087

17.330073934

30.1149826438

31.5663406169

23.1824458268

36.1504852924

19.3856921635

17.079756291

17.1731814916

30.7137968585

28.6751664114

68.6304195203

27.5874263712

37.6008217249

54.9847445333

60.607045791

24.9624567855

32.7895280944

12.3029114534

23.2454570358

40.1729229563

25.1477222214

14.6158005452

30.6827031634

18.6622183623

16.0234113083

13.3777427355

17.041202359

28.898216319

27.0126675364

19.059321201

59.6944074693

22.8227130203

17.6631254212

32.1776553966

15.9481829793

39.1440864367

17.2033926726

38.1682652592

43.0083456889

46.6693015762

25.1579655683

19.6344608289

32.936529729

43.4287805885

15.4430349395

24.2645747741

19.1091982966

13.8594009423

18.7969531827

26.7786743039

34.2411554312

15.8903133773

18.5447168474

25.2678743658

24.6613283424

19.0305602142

20.9849456936

23.2606966664

17.1627176184

30.112985059

23.0928759519

26.2292712462

71.3180730033

26.2081551096

24.4695814387

44.0606203292

30.16471021

30.5878368566

19.8514398877

37.4801383523

11.5990438047

42.07926544

42.1931764527

25.6516028633

30.4404964194

27.4678844707

23.4751743526

20.609715982

35.3966005385

15.0877779657

56.309970368

40.4436503136

24.1861278814

27.7300836122

21.4502116586

23.1096949384

32.6127388834

24.4096324266

10.3223448172

13.8977159307

25.0292502391

22.1166737522

30.2049381509

19.6324855354

30.7730928627

27.1454849161

23.6454998205

23.0072662047

35.0934509876

21.9484105519

11.7251832151

25.9305549089

35.8225394602

20.0274781165

26.9509794553

23.6331053168

22.686613483

17.7960291773

23.085599357

37.9966578426

34.8359415012

35.294175988

37.2125787722

38.5899852271

27.9109834208

19.259834386

21.8666358821

29.7507650519

20.2406500607

17.7858408642

38.2609980087

25.8093126711

38.1892545885

29.5401860583

26.766158679

16.0396643178

25.0055924132

13.9650785575

26.4830539131

21.2707997341

17.3275353492

34.0867002776

16.9297367243

46.3967176315

32.9764839681

23.7094827156

20.8610220988

18.6747387404

21.4150438792

19.6015717939

31.4800204095

42.4095898027

50.4962208806

27.9637871492

29.6432320198

29.5254945939

33.1614951274

24.3937786318

26.5787249659

24.4550616865

30.215303784

28.7591927101

14.3097437102

34.1434064611

34.7435220084

57.2768165557

36.3018865335

23.9171957544

21.697595

9.28613068662

33.5641556033

29.6428772577

21.5775915425

74.4020538536

52.8528945641

16.8346043017

44.6718719786

23.8357929855

20.9900612048

15.775322923

11.9701374827

20.353212529

24.1674715697

27.4061759477

35.8517163116

31.7949913702

28.1360430254

20.445935462

15.9595848163

19.8471784824

27.8009218996

19.3588525768

26.1018845681

17.8073422739

55.1127407522

57.9590739132

31.1631077243

25.7243706022

48.3109757997

35.6955146675

33.0652362643

16.5624429762

26.5553757093

38.4782286346

49.377747949

16.2248823737

23.904429118

24.1573706607

19.4985177936

24.5534246554

25.9681338728

33.4976548816

20.3495265557

27.5031736414

32.7918923657

34.2178727417

20.7766830871

38.9874972015

18.3502496677

57.9457362844

48.1874984588

25.9535919888

33.5896479471

51.9894184365

18.7647894187

21.0769387143

19.0945941456

49.3051377344

35.5739745493

24.0963698164

18.2050705993

27.5670331338

29.4986261589

33.1013727307

23.8263547623

42.0009764683

31.3100463747

14.3252604695

19.7054886308

24.5084927063

20.3721087784

18.5521718418

87.7064817201

32.0965143468

27.4260135306

13.5152371414

15.4027320085

20.6763418395

17.1852780692

47.6497410722

21.4260066433

37.1439602242

17.7010781449

36.7853618543

23.6618993258

20.6905612766

31.4013780821

52.0739832868

40.5173882504

8.77986086907

26.8334735035

21.0630072599

45.3163798626

29.7115176506

18.5305073253

49.0580232239

27.5018927406

19.2515166624

22.457463474

14.8495168389

18.4770282393

17.4011129142

41.0452140975

47.4141751822

37.6713372366

21.9380832648

26.7042466401

39.1036080114

32.6217113167

17.2841899572

17.8028296401

42.1213350122

52.9865859173

19.3231956447

27.4211619287

29.3182107864

23.8774021688

34.971940989

30.9667079383

21.7347693591

28.2789467303

29.8519232996

42.2672531104

11.7719152337

21.6518599686

21.6105064515

54.0993485581

37.1547990409

15.331505013

30.1552151005

43.6476248213

24.079581759

22.1031952395

52.5534844842

24.4625425796

21.1877441094

22.4027026728

31.7918799673

27.5094932555

14.5848127654

31.1748158042

16.7004559971

18.5126382027

20.4514879878

19.8325098567

21.2652782457

56.0953901086

28.7262153928

23.0902974686

25.7597759245

22.1073514828

14.4340010222

22.8234624215

30.8792519609

13.20683661

27.7677825311

8.29354020583

28.5098440363

43.5762940689

22.9156359967

17.8465028562

30.3976562738

25.4728091076

19.5231114235

23.1327318243

37.0143073261

38.9354131187

20.7165454536

22.8152322257

19.7673562657

14.6724689058

21.6678885897

9.19203793254

28.1600844643

15.203759569

9.5702797806

42.884947656

59.108643572

32.5219551325

41.6476707302

14.4341087007

34.1569170286

35.0972812436

37.7966130025

20.1276422537

21.655622989

23.4778622964

28.8336123859

29.1945435782

26.6725958195

21.819443896

30.4560187088

35.6010987942

17.9048301244

36.2745935937

33.1890650116

43.5300603331

39.4650006357

19.9463606805

50.3648709492

50.2849132924

25.0912236205

48.3099115988

40.5710261009

48.2115421868

26.914943973

19.8682205431

15.1577976329

44.5403376367

24.2370726465

50.2804334445

19.6878769321

17.633890044

29.533014351

33.4990652895

21.9590138451

22.6712495759

59.1600061571

40.2047168137

41.8004952396

36.8889613854

11.2243228677

29.5726181521

38.4567351145

40.5949485772

45.729259149

41.8774170914

50.8950057443

38.1396516011

46.4755690665

22.724389447

21.9182714299

44.2328682173

19.926707738

23.4389652937

44.2181355358

24.6410413534

26.4251573994

25.7894553521

47.1092865696

35.8941430889

25.2401712212

20.1768820415

22.2229233357

18.4139487346

22.6496116481

8.62641348953

26.8842836855

19.2287910474

38.4436409881

33.2078036545

27.9987671794

58.2606727344

28.2000340024

34.4886317198

32.3649660797

25.1756971742

27.9946992322

28.551435116

28.5616315524

20.6072499299

24.7131917631

18.4584774444

37.5410080908

39.2512867197

22.2710818647

34.5623860709

34.0931878753

13.8421280334

24.9494291035

19.3837235276

16.0345683566

25.1329091413

21.0177291405

20.6282792702

38.7147331877

32.6398701117

24.5048022981

28.0866099512

20.8911776419

14.3929897261

26.8761007568

35.0086216624

48.3935309178

17.9990726782

51.2120442135

24.7397101326

11.6952525962

23.1557003742

27.9293165512

14.7034518736

55.5186161904

55.784120002

45.276372106

16.6651410893

23.4445624003

20.5771552985

24.0164542478

18.7256301909

40.7158186389

24.3671647482

34.6145022817

29.0703740423

19.7442505911

11.3417457177

22.6180344018

28.9710867573

48.4857409398

18.2209326126

34.4422290608

19.3835917392

19.1775693722

44.4539964675

17.2004166516

27.536810958

16.2905025372

17.1506616718

23.9688009716

19.7942894909

15.6138943739

33.3396620798

34.1230390064

29.1249268879

36.8969845139

39.5403729108

41.4031891641

43.7794271183

48.0342215952

33.9443655753

34.285966077

20.839056649

25.0729748272

15.477199421

17.9570591422

20.6722131369

19.2554453761

20.4401421176

25.2760170621

32.5517855247

20.4109040369

21.4164918939

21.3686324521

20.0437816345

30.7417922472

61.2598731553

24.7386925609

20.8610168365

30.1371907478

65.4769433826

24.5537926627

31.5185249992

39.3280907041

15.7053793638

25.1875307582

39.628490422

18.1286340779

17.5327020012

21.6749455736

23.8973404622

57.2293285103

40.5075108339

23.1280834748

40.4018789455

34.8886715774

45.9806310847

27.2880166093

28.077872395

24.742298387

18.9091796206

16.8771542732

9.47481817665

26.9540851657

42.4470003284

24.5162851224

29.5593161083

20.4866139091

15.4216292813

74.2938367091

19.7167362535

25.2994099791

26.3239320425

27.141122131

69.7707586172

18.6227706747

33.161321996

19.5353247539

19.7052383033

20.0116324642

14.1696645223

47.0417453113

31.6515715261

20.80988835

21.1417537443

52.3768894611

43.2324156652

25.6731476543

27.1081629233

15.0354923985

42.9900884591

36.0351813631

39.8381025048

66.6584818962

28.9871009346

33.7334903508

43.9514942529

18.4414340104

18.0736011313

38.9920879414

33.2898085312

37.3419637647

16.408589091

19.5258014176

45.9218005025

21.034420475

32.0491351173

33.9563643821

26.7245416784

17.437005674

23.7285190869

46.5020600188

17.4648152175

33.3691550789

25.2772148289

29.5686987693

42.7356459396

26.9507658543

24.1488952302

19.3139711343

27.6892172085

15.6900179614

21.5574220638

25.864597688

16.5369983178

36.6658228242

27.0965799228

17.0142486061

22.6241086647

19.3095869936

28.1855831889

20.9009179998

33.5616586044

18.5022631962

40.8855168963

35.6995577018

23.4106798441

31.2094912449

9.80417370295

23.1112039297

43.7834707316

33.1304828813

40.2400963919

20.7179500898

29.4604542174

34.2928066931

39.7257931407

24.3358821362

12.8942725077

20.1096499668

18.3114889798

35.0519784939

26.4013085267

26.2807603395

22.1840717834

26.203231395

24.6006165806

41.2853822568

10.1220856411

27.5754785217

21.8036994695

38.4499002943

31.0094628773

12.5351848117

17.6941500302

54.9104429588

27.0910780931

19.9396828141

34.4587465488

15.932760538

23.2348688813

40.3191750548

16.687533996

14.4592759593

24.5511570086

27.1263587237

28.9968839866

21.5676585985

22.4230505462

33.1096042307

29.2450403296

49.3454103883

19.9486453812

27.0896456041

23.3844761605

25.7362366936

23.2356798466

28.9305282926

35.7104994479

18.8791290067

42.8032785364

26.5494670412

29.3805770672

10.7224554378

28.4355394612

39.4434458553

22.0629120452

27.4185946491

18.15048689

49.32461859

41.1619936703

23.9441312339

25.8932531761

30.0969099648

31.4336041074

20.7190751651

26.2727844219

13.515296046

22.8706552566

21.8056339579

21.4683677568

22.0460135228

21.6871553439

19.4330812087

51.4276266497

29.9239009262

29.6443564524

23.6973928062

21.6752520588

26.8629249354

21.2839805799

31.5121448254

37.5279351739

12.1164776176

19.4248292468

20.3176624907

36.9621575276

19.1552513577

15.3745488498

17.4441213167

29.3948118887

23.1696147412

38.9223204353

33.3255062371

41.8189762

29.4898983508

18.8418409642

33.7472582487

39.0208724675

29.451485599

19.4131399335

22.3079198636

29.9280513057

25.2686929217

18.1921089965

19.7520939263

11.364225213

17.8459639687

29.0281686925

27.1250192189

23.5681643378

21.6637799977

18.0963887724

17.8018932932

22.6368050423

22.0629112836

29.259924966

20.8256305265

17.1451266783

17.4535212153

27.1549430066

18.1787388751

30.3784972152

25.1393406417

24.2117745979

12.3215471237

26.5993892644

30.0866912137

31.210975768

33.0183994704

25.908425327

26.8703039971

25.6260738881

20.6019611645

69.0218582248

28.8611579794

34.9308966417

18.1707910179

23.2625363926

18.0649537359

18.1977000212

42.9400875531

21.7343406887

45.3290969358

24.1747699034

27.5100881582

21.8414594554

12.3684033049

18.5532875357

27.1511578167

23.9463200278

8.19529899671

36.5192341114

62.1187779257

46.6612422146

26.7719353592

25.1385048479

29.1999266581

15.1168765164

41.8164018892

10.2464957802

36.7272207449

18.7562580664

30.6878733227

22.5570857142

23.5299437238

22.5114330878

23.1026289952

27.423846668

30.6791505226

52.5288461022

23.6162006437

31.7072118867

22.1195368338

26.0304764082

23.4302917763

17.2222697281

29.4491205209

46.1349703883

19.2679247158

29.348004053

8.32158824597

32.5810001969

20.2397464461

33.9315856391

37.4934936275

28.159534665

33.660185463

29.9320271085

34.0566299078

33.8650092154

55.6570365575

26.6213861857

17.401489767

18.2137520944

34.0320745622

11.059562921

25.4352645585

37.6575326785

39.6110476302

37.8983051637

38.3249466027

33.0579535024

17.307284679

19.1941390865

28.4001050197

62.8105360182

41.1270967434

47.6939690433

40.0681794204

28.5350127838

21.898951793

22.703738637

18.0142489247

23.9751655182

33.6065240161

25.9742083324

31.7145624397

9.08698792715

17.2139829203

24.1234244755

37.9744346977

48.7391076195

23.9699386018

85.2976783691

26.3845635662

22.2950422072

24.7585691762

45.6443612807

26.3534067414

27.5553002489

15.0430111186

15.7449079703

38.1786668635

23.7469046223

16.7678437248

19.1578270774

14.4176300907

30.2631968577

49.2223891455

27.710010012

36.7585132195

38.8921562092

14.5545970082

40.6082221258

31.4615765551

40.7214482045

35.7894027333

15.8886396703

24.6398446112

26.8797757156

23.7042973919

36.7110332654

25.1605976513

22.1586958584

32.9211096752

25.3890932529

30.2740059935

19.1913549281

27.6038110053

31.8576069816

24.4662725649

14.8083184402

25.4719084717

15.9281357194

22.4136736413

15.4070228452

37.6606135649

32.0483941328

35.725380526

28.2468377288

32.4217824392

34.6268443654

28.0604544329

27.1328587052

23.5750494774

8.10463848291

29.7012825652

65.7377430269

16.2940360552

28.8551161002

32.7848039239

36.1490442573

48.7961670234

58.4613289448

34.3259932824

30.9100603883

17.7355779441

24.6257353687

23.0143032424

25.3147646637

60.7677540266

21.1486817044

18.8449016833

46.332259661

20.8706379499

17.854446445

24.7933457602

36.9954405761

26.5009466428

25.4548856308

14.6741078666

37.4264913842

22.3702055991

36.0087672918

22.965446143

13.9864926234

19.1369044285

19.8017236954

20.4794015299

24.5912434639

25.8724957291

13.026735672

19.0540913888

30.5404659668

28.2882546619

24.122100766

25.6310942331

30.9101470167

26.3034763633

13.0419738268

37.4104824518

25.4353335575

15.0336973345

17.5183858544

25.7504708164

49.2365375357

20.4379270673

19.5436704676

55.2908946845

56.2445357624

37.0775128308

5.22745229508

33.5799575725

31.0163841052

26.368922883

18.6513391204

20.6869355711

23.4879737998

22.2520345

27.4837596919

52.3038932681

38.3851098618

29.6876847296

42.7067155586

35.9580219834

31.773288841

10.2927465177

32.4791788995

16.2072372151

21.6960259845

20.6792832307

20.1447129549

23.4154240419

11.5896940337

31.9898352093

20.3674297548

23.1316504769

26.4161903586

25.0270215562

24.3542523976

18.0688044714

28.3920728136

20.0376814486

15.7071455154

26.834508715

22.5930372876

14.9889338529

27.5610304258

30.2843347694

13.7351060514

33.7524326632

27.1372991327

24.5629389077

50.2202767508

40.8022990613

45.2020701984

17.5192729827

27.4651331246

37.4343597918

33.573264406

32.4816999918

23.3405678577

21.567324041

30.2544774803

16.3418829128

15.6383352198

38.2395580721

53.6833723486

21.7502100807

3.92817006779

60.3154455332

16.7498720361

41.0240414042

32.3559685038

52.0440670994

48.7090893113

28.4100134942

15.6550545699

27.8665546278

31.9630200474

33.9511262732

60.7547298777

29.952060206

50.5996599103

29.048766894

46.7075176393

22.2330966378

38.4747678416

22.745891324

24.5587226787

21.8955214691

15.6366877863

23.2698670354

15.2738329488

25.2706385059

36.1487250364

22.7718581945

30.6297750275

43.4887636547

43.3640018099

29.3847693728

23.6635967755

21.990449226

35.6521006804

23.1157224729

22.6913046075

37.4180306906

27.2180691597

19.553403842

17.624592471

38.4298505921

55.9132640669

13.5771447941

25.8433386938

36.6848676359

31.142265666

36.3440001427

23.7420214582

65.4590024487

29.5789580056

20.3003722027

65.1322007763

53.3767362514

30.8567384706

40.9792500059

22.9262496466

21.2511741407

32.4875833518

42.9922509413

22.7797147997

70.1745434944

45.3921424434

6.23362060025

71.3071219996

17.4829150201

28.0690473782

18.5620059335

22.1899876087

19.8047528492

37.9624041995

33.4344634861

12.1901037879

26.6245053889

34.556951819

25.2696658833

39.2215833192

17.5249348225

36.9110708709

31.1231517479

25.1117274004

30.5478102937

27.1048008113

52.8001836056

19.7361193946

24.9180392197

33.8186855965

12.4947227321

18.5722593891

28.0026397837

19.0570716679

26.7350482836

37.8000539649

21.0485404272

13.9701598149

14.2685600601

36.6756319948

23.2111524794

24.5800181416

24.7593241098

28.9598653649

22.4627243573

21.2102455366

22.5442803572

38.2277748329

31.7365500135

27.7450140303

24.143987421

20.6721855183

21.185996346

20.3542813234

19.3178264535

43.5725465461

10.9657895677

38.8165614161

39.3056848987

29.6465677435

33.9204768671

27.662018525

29.1416584302

33.6975475557

31.5248528632

36.7765030089

59.5038496036

26.6070680083

35.6186725411

22.2143955743

20.2698021871

20.7136053477

26.4679984572

25.6244052752

18.4907897021

22.7974204712

26.236888383

15.0876696034

36.7870630647

23.0431130955

26.4981536348

23.043156164

32.3385683788

29.5965330496

31.8315762816

35.0031587408

27.0981956087

11.4198685511

26.0579169066

20.4394469311

23.2713537566

22.0605112698

12.5466404655

12.3013933129

13.3810892565

29.2570248838

28.4548540582

31.3568705459

34.0279535217

33.3811692762

16.3792060953

22.905286709

15.2503357933

39.8948019941

14.1780522018

16.6029558787

39.2889197291

25.261012991

15.3156444057

18.919636171

35.9363699403

14.570935556

14.5433311991

39.3994167575

30.3272516928

35.1769162829

34.869826899

32.6911909389

18.9027471723

30.5246214697

22.3035628381

20.7298352016

14.6396244836

18.9850448048

16.6391163689

23.1806354756

30.2347233597

18.1287247117

30.5501947338

25.4064916343

25.8072996963

14.1659031415

25.1578880492

22.3579254791

45.8500548976

24.7788797292

29.5728608669

24.6257094916

39.3435355693

33.3197845912

24.6991218896

20.7282408874

20.3362097209

31.487074877

14.9930488736

25.8955833835

18.2108539234

15.3303641135

32.9836265729

22.8997196559

24.7076291571

33.6008956736

34.8790473707

26.9161224597

27.2680632373

58.9897536085

61.8334209248

42.5900477291

30.7850931306

31.7602811081

20.7167877556

20.187642012

54.8397581611

21.7773120207

37.6020284478

32.3218383248

27.0568450724

27.8704500045

53.8026546024

46.0334253659

23.5001525326

40.3583828104

42.6183199154

20.3325580552

22.2862471816

26.782052834

18.0364829358

96.1181288977

29.5750406811

14.9053296557

35.5309174044

18.5860209568

20.5478058642

24.349668355

21.0468049154

14.4121433481

24.3928134908

25.1731610097

20.9537761499

37.9399927189

41.5286137487

17.9859262799

22.5143810017

23.6332017415

33.3873653428

30.5826463747

38.0888983021

26.8829315415

24.9852282836

33.3794905978

51.5023411871

16.0511101781

26.6549641475

30.6313119716

35.2971898083

29.2024820977

40.3784041671

11.2332060755

29.336984074

20.2920450767

38.217987822

22.6350540082

35.4174783447

33.2867044733

47.0908561309

20.1386081162

28.5393178961

22.5762674905

29.2005893645

12.6147380726

15.989185916

28.2544630328

29.5919245761

40.6786359716

35.3620503505

18.5820510722

59.9053724389

12.5114271997

27.6991784972

26.6186734701

66.4008383094

28.6299604457

17.195872679

30.2416670238

21.7911318879

25.9554234972

30.6218038571

25.7376511783

26.9710608084

39.5467570053

21.4139814822

43.8780989608

16.3069944983

31.2494847967

34.6358414656

31.6777938496

23.4611959359

21.4069830408

40.3034877168

35.6222210519

40.2348173848

17.3117234423

25.5162468046

36.5127415592

8.02931059453

60.3851722866

59.0008577322

45.6494693991

23.9105200717

18.9263590672

26.3075421126

15.1954145123

47.2727642188

22.9449578437

17.5829051123

19.8140249452

25.4284879293

30.3963631914

46.3803770493

21.5328363549

37.1413722023

46.9961465071

16.9879258179

25.2271928346

52.9488401008

14.5041425819

20.6323178517

16.6901620597

32.8997576831

48.8190351377

33.0325969896

21.8942813583

50.725451574

32.417743871

46.9297088255

27.6285116156

30.6773087549

25.1245677854

28.810002681

21.4605294081

31.9464436181

27.6471185528

7.50569714796

34.4829841857

57.5469176569

16.6331034225

21.1188271783

31.3808813701

30.0665088055

18.3876909239

25.0345313844

20.6411162737

36.9148100512

55.6885477403

28.2404213227

28.7876389035

18.1476068475

34.4435239951

28.1685641237

22.7485643062

16.3740737159

45.6279189398

15.9390218864

32.01202102

34.6455329902

40.8748844469

24.2821073471

21.9162459686

53.4588675937

35.6939732868

19.4607915758

28.1684017027

16.2213185594

39.7852627422

39.2727831967

20.6032732883

32.8096208152

16.189792022

18.6045538161

32.5390537194

17.0225022509

23.3018665417

19.7168528731

35.0059549137

30.3057859975

19.4362195516

27.5775613367

24.4242170048

22.632536621

22.7768449869

85.54789129

42.5919529845

49.1073418348

38.5706843382

30.0505955902

14.4154512179

28.7791946573

41.0437949733

12.6443720407

34.6597406235

34.4875331579

11.478077518

40.5701195997

23.4737918623

15.5346026917

14.5796696635

15.2608424353

25.5852591374

29.0321841159

32.4354723102

14.3070902395

14.1541204694

33.4221096289

28.4584166716

15.2303969705

18.4102797844

45.9462580477

31.1203614522

18.2232231872

50.0039154905

42.3594535259

17.8645548852

21.3543546444

18.7411756513

39.6940599501

35.996581786

14.82385871

24.2046106558

25.9351347232

28.4677909829

39.9678826257

22.9911513176

19.0379866956

18.361336028

37.3898986114

18.8500145396

52.6546414118

36.2094843459

13.1042487433

31.8309069944

31.230809824

40.4723561439

30.1913512836

20.3574007225

13.3455743847

36.2524279794

40.9401632866

12.5201816101

30.6983694746

28.3157235424

43.6855114871

30.8168315858

26.1196273395

18.4894220663

49.6536797158

37.6254101852

35.7181090127

34.8932198003

30.7074311168

55.5647048132

15.3696060137

18.990945348

12.189117239

81.1170264312

38.9061453206

45.2312093387

20.6751080355

16.7631267297

22.9571114789

40.2477251921

27.612489418

49.620658386

21.8981898413

13.5879051684

45.7937773501

17.6484660808

36.0976382226

32.0253620271

18.0645259093

22.7035311027

19.2363333128

29.7238824043

28.9290264047

14.2902260736

35.0291937532

35.2740442695

44.3337527456

19.5830467658

31.208052698

26.2665382936

20.4212435824

25.8176839672

26.8315649459

14.5200524686

25.3381341683

48.432858101

21.4159125827

44.1704943987

34.04565979

37.3183665495

15.4446558703

34.5061907827

56.3020639596

46.2088164419

20.3679995675

44.5335548193

49.0615169451

30.577288335

29.6660429833

30.1615525137

23.8920787983

31.1069212606

24.2491400153

32.3997669468

32.2830601177

26.8207542864

23.0124815893

31.7585229415

11.4813918694

25.216690966

21.7794136302

28.3067290547

19.3871049407

29.3572585154

19.573864697

46.4356098284

58.6636203522

25.8859002535

37.1381128273

22.1374864699

23.0750817966

18.2631635404

22.8829506136

16.8083023636

29.8145990147

33.4901199844

34.0367047968

37.4148594028

16.6648949118

20.3444504226

23.3937566346

20.8066182599

35.6165461079

25.7024940458

20.2021401441

19.8075982789

19.2418563359

31.5500231641

19.1210258089

22.3908366421

23.0844357102

38.1653682693

25.66233778

24.8580919474

36.0940940122

48.3536132389

23.8194675935

16.3515625286

27.7471439351

27.9152862459

58.980792958

26.4178421304

18.6725981562

18.6927301319

25.1193182666

32.7326606408

22.8127677907

23.8187698672

28.6284448995

48.4037699386

25.6256480563

18.8692740136

24.0487362151

39.3534066088

17.7512825359

14.5200843463

23.8295085842

30.4050832721

37.647014301

39.7365812497

20.893820163

47.7299313453

30.2432996395

50.8192113255

36.5765881917

54.1160307914

18.8279011889

21.9268020641

24.0793427125

41.935848968

44.6908575406

47.3211389795

31.5530063507

36.9343807527

10.2307366356

24.2194963691

29.1388680628

45.2905342343

41.6484755345

25.5711009785

16.4079044588

57.0842046992

37.2759524455

22.7262905132

32.4391111626

38.8864701421

40.298531695

28.1124268677

24.4799442248

48.451460268

20.8219990507

27.739193364

46.1750858081

36.6255184938

19.8899034864

21.0084403562

29.4545836853

36.976825587

23.4181661177

26.2567102612

36.1367461177

40.5794364804

27.0106097417

43.437770199

24.0660075751

28.9341370857

44.7895465157

36.3053653673

28.4982254827

10.7356762978

37.6214803721

18.0556077185

27.1003739263

18.292418356

14.0743519309

87.5031298213

23.9571194564

98.2241187696

66.5493202372

11.793651162

22.6243386832

9.37975060446

21.6229942391

57.4282800365

20.6299966898

18.6088591273

18.2001906554

26.831943087

14.0329774179

48.7270986503

31.2927147351

25.3568934024

12.0461761184

37.9649272188

39.2155657819

24.8111316398

46.574222086

31.6400933639

19.1364064227

31.1361070388

51.1590423707

23.9328344766

32.1085956003

34.6199813142

22.3556395135

16.5728916263

77.0738098879

31.8679230263

15.1952481059

37.3047167829

45.43673889

34.4206039932

31.0866979172

33.3523443328

31.2396688974

37.7725954623

18.1564885268

21.805975106

24.283609523

8.4198664616

23.8849854054

19.5855484406

44.8371351848

17.251893328

17.4603684926

14.8416637489

17.3806710947

34.994898509

45.5799198599

31.0041727068

18.3674767756

35.114860748

26.1862122943

18.6379140695

33.6392440186

30.2673695971

29.3084457184

27.7176103653

23.3553613469

15.5767784639

18.1153022314

40.3080352991

28.0354261803

12.0339953599

12.3674504992

26.090858849

15.4258854895

58.9611819433

16.7381849445

27.3632277111

23.8395942927

19.8235378339

27.6098008033

14.985152497

26.6286721422

13.7248847508

17.7121469835

17.540752141

24.3090783491

19.8611834975

33.4655736525

19.7495319722

27.8955956766

56.9046677398

22.6082191414

43.4893793881

22.2481031562

51.2605915551

35.7609074636

45.9294973772

41.0003157059

22.6643454041

23.7080069566

25.9642382611

17.0025322472

42.5011799947

18.9809093375

45.9755608913

20.9944256308

15.7695437298

40.071577052

14.0006725101

54.1954214035

25.7921497074

17.1999644264

36.7008329853

18.0147930047

42.02913807

26.2802250456

39.2770675913

40.87552448

31.2584714811

16.2627281487

16.1638763205

29.4925150498

22.8234118035

38.7885944344

30.2507657672

61.374620125

42.3153241423

23.4637599386

41.0691826281

24.7931521206

33.2680176394

26.3056572059

27.8210273239

16.1689513043

21.4189953071

23.3140283647

18.4853169404

31.2357992067

28.5248599901

22.718373923

7.54352653554

16.9106930706

24.1610709885

39.6220135926

17.7886798001

17.9227606677

22.473871554

35.0430110155

80.6343580529

19.3304214416

48.7256395441

29.0435396639

34.940601567

30.2395648992

41.9851842962

25.2960259018

14.7696981388

23.3923377156

35.2836128372

34.1621398464

39.519719339

28.6517049118

26.5661192482

24.6984374386

43.878925645

16.9049229084

17.7236119288

16.7922488135

24.2918289071

29.9645109272

32.8934374874

23.7552156414

20.4700180464

17.3023404447

41.278322577

36.6545334016

20.0747327581

33.5944295568

38.4494106541

39.2098555311

23.1620284834

27.3554852874

22.3279830421

25.9884475387

51.675754609

20.5326238816

34.8802331696

66.3757823827

22.419772303

32.3818937945

19.7879372766

29.1538964349

26.9940493901

10.8079345104

28.4211657893

28.9927875319

22.2316931502

16.1471602918

23.8211743989

47.1644358066

22.5112290251

37.7362696255

31.656649842

15.09056285

18.7101874858

61.3686507712

47.5632876522

14.1461870956

15.5312066273

24.8384500565

40.8104952094

25.3430953572

38.1454942172

36.2188207146

28.9040718294

19.1047973113

27.4503756081

17.9786492628

33.4792057322

43.8732688087

66.9517380239

18.6962740121

41.195913922

22.9204621398

26.2282209506

40.9577233558

52.7354708604

29.5665222694

13.9474135458

22.626830483

26.5342148707

43.9754433451

13.2353827727

18.7462160981

14.9689513044

26.1822264924

22.8346362134

31.3496029949

34.3736207055

24.9137915324

27.4739126006

19.902855705

41.2204001503

39.6778162228

26.1520592531

24.2349941189

23.409756924

45.6306271755

28.3985827921

36.7730721391

26.235352368

19.7716662227

20.9798494632

27.7046047398

37.8807547379

41.7494893727

17.7950409498

18.6926236296

15.1766748823

37.929265702

40.9322230232

13.1397996791

24.741467583

12.3535227686

18.4630788177

38.8101392965

14.3369612059

30.0944921497

21.7269283947

43.2820732435

14.3957747598

17.4187670345

31.0777880285

17.5470829221

45.2922448137

21.8971380083

5.64725614284

27.807090048

27.8074759057

32.2771651817

35.5599673565

37.9174043687

34.4820799433

19.49318749

28.1238499971

14.2834271745

8.54237097109

15.3390918637

21.0289200399

15.375233497

31.347413119

19.376397155

22.2837006557

28.943741839

17.2930373852

15.4544422318

26.5001414084

31.3444565102

17.8018458841

40.6793622397

38.4734788795

34.9155163212

18.7600572711

17.1088307256

26.2587354965

32.1923824852

25.0921199225

28.3023378329

20.0174914422

53.4020859542

19.0806600761

24.1962811608

36.9967924883

33.321722006

26.5156365737

15.6408478079

27.4868490315

28.1067011849

31.2291078176

20.947763941

21.8546252982

12.5175924872

13.2127312217

16.6438645647

11.7496436362

24.8254551497

14.4044934434

28.4468899178

10.5810216498

58.2238716304

16.9625787735

22.7313768282

7.79210866047

35.8445137856

18.2784057659

26.5999210798

20.6520560951

14.0779205238

38.8247235091

21.8551170821

24.9340474625

20.72318262

48.8927215703

43.7701010098

39.8077231156

23.8106082135

29.8472121016

53.941847011

23.4642148372

24.6270625245

32.3763851633

18.5340420597

9.1890549877

16.8621579194

83.6267729563

30.337513949

35.0338604258

39.3687512523

24.6708689814

36.6824586626

40.5108677294

19.9194421002

18.2816399359

12.159187096

25.8805746343

24.4542824594

40.2153851306

19.960987432

34.3061843774

40.5855583163

22.4870671831

30.3062412728

24.2146088257

34.2472249397

34.1120194266

28.0299756212

12.1570755706

10.4546237858

28.8022231297

22.9872854953

23.2165762689

19.7699566967

19.5196770568

33.8298327166

21.4751570347

35.2837447223

20.303135232

32.1723890696

28.6084812977

15.8087932787

34.0089736769

29.292044163

6.34101615589

22.9137346612

51.5637166991

18.4373754908

20.7049217219

39.2114752948

25.7608791137

26.6333292124

19.0760814521

51.6875335713

24.8341756518

35.4382056377

27.9224450626

12.9067868042

26.3283340025

36.4232178801

25.8844456919

23.248846413

24.7136550893

30.3179563755

17.4661919535

25.7026576605

29.7855123184

36.8466381139

27.065126707

37.9639426291

25.0148897596

25.7640226759

24.3199651538

28.4535870202

13.8028525171

40.1468637732

31.9470192019

35.749302677

76.2637396616

43.2696533154

36.1932669461

18.2942836211

28.5535306086

15.9247926623

78.5032236018

16.9442472507

35.4404419643

17.9089380661

14.4773455792

26.559904627

36.485349082

22.7447565883

36.5358320179

14.8516108265

21.9858201781

42.8145317944

15.0902515782

13.5124453396

34.7766557336

11.988586169

14.7975096725

7.42597875653

20.5243064046

21.4632513724

55.2727301516

31.2451404308

23.8738614946

14.1280935958

24.2245797945

17.3302731972

45.741822832

15.2940067145

25.4868201423

19.5579033526

24.9173676598

40.9037377889

27.7825914005

23.3255765239

22.8828132504

25.4348691181

25.9598011795

25.0686823013

13.5273297287

12.881190572

33.5374062329

21.7298016565

10.1042949915

27.2637814602

38.5886537737

20.7502255874

28.2353444514

18.0287959327

25.683115539

34.3871014048

33.6511695838

21.0341715454

33.9531657294

26.5174432315

35.119264989

18.09246879

44.7889506274

38.0002270189

36.7129622106

33.5532329384

34.2930318149

27.8482046524

25.5404213718

45.5926007494

35.2142884939

28.3054251293

19.631068719

18.8540593096

36.2336658341

33.2537835536

37.2279323348

26.9236843127

22.9683474469

34.50863937

37.2177679813

14.7861959181

25.8488097956

8.02798689192

24.5386125516

30.438805908

53.0919134175

14.7630123753

31.7112077364

32.2822672272

11.5494810553

24.8982393336

40.3735301501

20.2747224173

13.966733559

36.4958527779

17.0047576548

45.4518828517

19.4132471934

12.2749344547

54.873057073

19.9906308281

19.6363846886

18.372919715

37.2022665076

26.9365108691

32.0663445477

29.792300331

20.1751855669

48.869949293

24.060628265

45.7480708414

50.5916000334

28.4987430841

18.3088029779

35.4994445019

33.3042775043

25.1046977213

20.9166404699

24.5015289974

43.8887963629

14.1411457654

17.1802214337

19.9071756237

47.256979574

29.7605725911

31.9875811729

41.3811506647

31.3302182994

17.1774457605

29.6692127538

33.0129130382

20.7658797613

22.541964773

46.2529419553

31.6686521768

48.6644656885

11.9912162058

42.834749756

41.3084934009

32.0323872263

34.9760600124

30.1238330073

41.6942849645

25.6288201173

46.525142594

31.3271377688

18.0232759067

77.4188563806

16.4963220279

26.3589228157

18.0857980716

17.2678127851

13.8989057396

60.5580257636

33.7175078955

15.2853483554

22.516775436

34.3233478781

42.9811417849

18.6399605998

30.823289428

28.0539248058

30.1677982476

47.3241266754

20.4691372472

21.8143017731

18.928848603

41.7313514195

34.2504609464

43.9223686976

28.8388234844

20.8389503709

45.4380459628

17.1791596351

45.7269481848

16.0276869506

13.7719225723

21.8365546911

14.728275044

15.8284275687

14.8460757586

15.0616015752

31.9496853101

19.2908851273

16.5541180788

32.48863738

32.1330720915

51.4166177711

19.7381559613

21.518031766

24.4972996632

34.7475045174

40.5847586969

31.9938860508

43.4590576668

27.3584131545

27.0933953368

27.9333939185

32.4031962577

26.9774261942

17.9307197863

25.5627766229

22.2737797014

22.9422687278

18.0832656826

44.3966728452

28.7541493934

20.0581079648

45.2775116589

46.6837477057

15.0423444236

43.830762378

18.5083692453

36.3083614585

36.9613303253

37.2439383084

18.6019882246

13.2567065537

41.5980951342

31.0615975185

22.1745137545

43.3248037183

15.1199571424

33.8677994721

29.7639428491

31.9538587717

34.8417966538

20.0545518098

29.3014406753

42.5604523698

22.7252224562

16.7207157942

35.7876800592

26.3262927036

22.7792995829

34.7338950291

20.286425781

28.3193893936

25.3035102167

26.4483060141

19.855040457

57.8010735414

50.0041496977

28.910308907

42.5438641257

37.1718105818

24.8092322119

32.9407573915

32.0831935372

8.23664838784

22.6903612807

26.5020873657

51.5149922767

16.804636073

43.0588418323

24.5828385838

24.1785325351

41.3770687943

55.2592033999

35.8437448856

22.3922324377

36.6608638123

26.1190755247

29.0313034948

22.5410797508

19.0584653113

26.8724673789

19.4380860544

24.8078738184

43.2706770193

21.150585617

23.9585614759

20.2453336738

39.803100544

21.0670815686

27.9214958594

35.5806194633

19.8461028489

43.154163389

16.3738976815

23.3692873333

21.7582373127

51.2267776882

30.7164543935

26.5381731952

40.9502567753

12.4988690896

38.6405191377

45.3528101066

31.6778504204

18.8936996488

24.8006240883

24.4463143131

17.7346062458

15.8125252817

28.9873240178

18.2329923379

20.19026448

33.9363399921

26.5129715856

35.7464666281

31.1573811324

28.6923318495

21.3451622465

35.4505062543

16.5952417507

39.7888591974

34.7755479028

49.9985758315

26.8669152172

22.580787549

23.346644898

16.8299447171

22.7232011258

37.843363508

27.7274041501

33.726837791

29.9218546862

64.2510164438

27.0551076104

26.8999895844

32.5277416628

20.1499627965

31.2738745516

14.7750286128

18.7618718693

39.0651352097

21.6917838689

42.3190196096

29.8862727389

22.3983459891

28.5422054921

18.7016786682

30.19834143

59.4798856798

42.0608224163

29.9776827218

28.3108408811

28.8954514574

43.7027482367

24.4770200371

17.2408650005

46.2692741053

33.2266015877

61.7765941791

27.0000100423

26.9120489727

31.1318387475

21.8017393597

46.4150597165

59.9066208774

21.9415824874

7.94949018317

20.6955199649

27.257128251

12.1437484461

60.3993996731

21.0725465325

15.5204156148

27.3933520866

29.3690112227

38.2506648829

28.7939852341

54.1382647362

33.8951493108

20.3435282878

27.6589029055

9.96599096289

38.3852681242

38.5690751958

41.5723721143

31.869433533

37.2124233556

10.7933576141

44.9928665272

22.594050331

13.9695270146

28.0132555836

23.7317156837

34.4002383708

32.6014339598

26.582082714

53.1771264763

30.2095215294

27.1784593704

38.9901008066

39.6488822848

52.4718628909

29.6125933518

9.32777757402

19.1347453002

20.1075738819

41.6390172359

28.9209297126

31.0824047223

26.771891179

17.9472735296

18.4244755262

26.9317506825

17.9612009479

63.2504678644

23.3608016183

23.0486283867

51.0259220874

14.9898091756

27.5308937819

30.6642621357

10.321833888

23.7783643697

27.3722652964

29.4764233342

15.5313477413

24.6350774069

6.05213011083

53.0917144421

33.9020665717

21.754183727

27.8365391141

23.9520659072

42.8445450269

19.7217465526

22.4370639658

32.025393169

41.9872333162

16.7040595516

27.3368598112

35.8539933632

27.7877414317

43.5644761541

18.7971373449

31.2396239699

27.1499041837

27.5960219975

45.4559802205

44.0592305647

25.9087119031

22.2181494652

18.1523998214

23.6843928334

32.0606987107

59.5621764466

17.805871131

24.0191897278

35.2836645744

58.3215674922

17.6191594761

27.8410911128

30.4640135796

23.365446609

24.5787096924

18.2358891745

20.5580394173

23.8140176357

31.5160962424

19.9129657035

17.2929364013

16.5933336877

17.1536487279

18.5675628547

31.2804948865

19.8904738828

32.2072215361

22.5754420483

23.5577701403

43.3927008922

25.8051476072

17.5592801344

9.09931717939

14.6500683286

41.5746047927

34.3482835448

22.2361361054

31.3326995958

31.3701474455

35.9845925266

24.101745905

25.2976190222

40.8337766834

22.0376772481

18.1614597731

21.602367525

36.4040839668

32.5302519742

31.5692819148

63.221028898

28.2074239848

29.6077935551

18.5273449231

24.9054536739

42.8884577831

37.0509403856

20.4288062569

31.9999331662

30.9797742869

46.6148293352

26.8899889923

32.9402343366

18.5222650325

27.9126921804

35.4997838519

23.660778697

17.7434487881

32.6593085031

70.8692467705

27.5938621229

23.3607096806

29.1681060878

39.6700054321

15.0571009029

42.8614442319

31.3159634947

38.6923350495

5.45355435282

16.0774753459

35.0630706112

22.1932036097

16.3637832576

41.7956227881

43.3371260038

28.7372706939

23.9930262089

27.374808731

16.5000732377

23.3388728984

26.0103913273

9.62243977279

26.151600214

29.9706090212

33.0107831355

38.5972536091

48.5046236177

18.6449329379

26.6016390414

37.2247616657

42.6252001406

39.5740704279

82.3167816995

22.82946764

27.8184958857

26.4893672705

27.6624917117

21.9424910913

39.059057048

27.0070480635

16.6989426024

30.4723166215

29.6930334415

23.986319359

24.3878612313

20.7004075961

55.9037375307

23.824672095

31.1933424387

28.6276729122

29.8791681988

28.4565738147

21.3164881701

23.4500441564

34.0800300621

29.6674645659

19.4178147193

15.0344748752

18.5734721471

34.4699273045

32.7833283594

35.2555926566

38.1002017937

25.9192381447

18.6371105922

23.192170968

31.1084259119

19.6383109715

79.6677511069

23.492480537

17.8134511194

22.5401461201

29.8105447829

22.8223362713

25.1653963878

23.4625971008

24.6723412238

32.781678174

29.5305244027

28.7797241406

43.2695111378

31.5546193676

22.0743839041

30.5829780242

16.7435285179

21.9526878334

50.3766963061

27.6215880276

23.4366383036

25.148030209

21.0795708133

30.954390228

38.6424824476

45.6513016434

34.3393728337

23.7638782419

27.084248665

42.356907939

30.4441803215

19.8346018058

24.6525843014

30.7510845458

68.0427698628

15.9467040841

34.2694128865

27.3791003086

27.2685305312

18.6736870834

11.8087542828

24.9364326628

25.5729101084

13.7425032974

30.1174515272

22.7641452882

17.0667179852

16.740040909

30.0551748644

30.0273523752

43.9152501761

31.447602554

23.983619123

45.9312682529

24.4505783207

16.639149196

36.4226626443

10.0678233815

49.0941543853

40.6512168006

15.9198969009

15.0885376763

28.4333827045

24.3857832629

16.0521022797

24.3151015329

30.6510198235

26.0951347762

37.4203024648

18.1164647772

23.8224674274

46.4657495434

26.2668345009

31.5255011364

47.9366316091

28.1025431415

28.5152378206

39.3269572227

19.5346494137

22.114530557

13.0828777342

18.0906054242

23.3042844776

16.2944209107

24.302160137

35.565247793

13.7753736886

19.7305733755

28.7859704501

18.2635407049

44.72221902

17.9117138224

18.2885896007

24.5841990486

14.3184748119

31.2639706539

13.7976525277

9.35053310202

28.4260340861

22.0068819752

24.5172910628

21.2421483708

16.5653719494

52.9687448081

30.8094355752

45.2147986243

19.5708463195

19.6938990318

23.5149947006

50.0657842013

55.4607076619

22.6293634484

22.3644266319

31.6215483843

29.9587501487

31.3010263881

19.1337186338

26.8452927843

30.4774477095

16.8982030812

26.0855903638

23.4009536837

24.6001280548

28.0710951842

22.2432380549

26.2833721798

13.4564411831

23.8944149176

32.3216407026

32.3104946608

26.929735817

17.1263293304

17.4712764969

33.2214994454

22.2983779835

38.9782261595

21.6464972143

30.3674613533

36.7177017711

25.8161818021

14.7902309357

41.4515291272

19.5269328377

17.1757985409

17.9188359282

29.0647048927

28.8349818907

37.251872694

23.6745850297

18.9732297052

29.0593325258

23.6564684285

36.3643237658

17.10890634

35.7036540619

32.4487203804

23.8374724986

16.3634131335

18.283385536

21.1407789217

14.2609578714

38.3453891305

21.6215906611

38.899842876

30.7833970013

21.0183715481

30.1729567868

12.8388469971

17.632396614

17.5359083387

13.8364811953

18.7946099473

25.5301738608

36.2645861032

41.9044425426

43.6253637134

13.1213093264

30.1275396286

25.5721776217

17.0053159307

27.7040514294

18.6688700203

15.8101378373

43.7295945211

26.6628311302

47.2381736599

50.0561280551

8.95111673825

36.8837261296

28.477821297

32.3566664231

20.4281098264

20.05495228

16.9894689997

22.3278520697

26.0091639146

24.6308384894

15.0098646926

12.5669670739

26.758792054

22.7204814068

21.1729978806

34.9887292132

30.2437620785

20.1315444196

13.0200755923

43.2764160564

32.7665064826

48.4225804068

28.7594214196

41.3569384375

20.3678202103

37.6490719481

39.5654777035

18.8014391095

10.9274458425

52.6848391661

35.2491054865

19.6684902361

27.1058486472

21.1241943698

34.389523594

38.8892116149

23.04627853

19.8950481798

32.3495116038

18.7072982515

58.5978105022

30.3238791721

14.4489835169

32.2857556414

29.4584174847

8.76322554721

28.5885619386

18.7090789905

46.4540580856

33.0937385782

21.9269129281

36.4524050246

75.072354785

26.6418236557

13.2650846533

20.0376394059

33.7232935963

13.7618935634

14.5322176906

27.0993214323

23.5605029484

53.461654593

17.9666719152

18.2878762422

50.1857429478

23.2833877603

35.898113222

14.137725519

31.4297728105

23.8091252446

31.8901196063

16.5098988187

14.7439147706

17.8605576049

51.6847293849

18.9227091539

24.6958736005

20.1332087715

39.3781072529

35.5768136117

33.1789539408

30.0870694986

33.8724375313

14.9908329098

25.7291625601

31.9710464438

48.3382235637

43.6809540423

19.678688833

20.2148197073

21.3881471005

17.8133404643

26.5691937274

37.8453125641

30.6252237885

29.4927871263

14.2740933055

20.5249172999

26.0875838392

20.7515383305

18.3418776098

32.8971130711

26.3062814842

21.8024767721

18.322584158

19.9006372563

36.938496855

25.7120032905

29.4548287105

34.1846465333

15.2237340328

25.4469118923

24.3674924461

17.1266927574

23.8531531714

44.0057981279

12.9369370234

14.5798520712

43.9139681341

14.8119830953

19.0987877428

41.7817544349

41.5763401546

28.5463770524

28.7804049466

42.23499708

18.1530799363

14.2143867927

23.4746597158

72.0890083083

51.8175459725

24.8700768794

44.0017086

19.9378298015

32.9801393638

21.6440844142

25.5059914726

23.9421092055

22.8747075631

37.4362674427

23.7700517873

30.3090080998

53.7305948286

25.1508766738

33.4480852659

40.8407992167

32.9503025559

29.1944011209

19.996223393

57.0144698054

10.1193009534

29.3644719021

28.8874512179

21.713593991

20.8702762516

31.3351463566

25.8818890057

14.1471781513

37.7446329797

32.4010792826

27.2260765135

21.3440501584

14.4351975994

20.094153608

31.8885515267

26.9687201884

57.3826952563

28.231776935

23.351698759

31.1895069213

28.8353340078

11.4003041457

20.7568074139

23.8661614713

21.7078651062

46.8126121186

17.9854166028

37.4017313923

24.5890356393

31.0078383397

27.4559258299

25.1477066377

25.3712332301

20.716239114

25.3418303348

25.9843669271

27.5155581543

29.9663030237

27.7904139138

43.4211035504

36.4224418546

22.5759419516

30.4802920963

14.7535017277

44.6810919786

27.5007224719

29.5912618513

34.7667473362

8.15626363681

35.1677793897

7.55468256223

26.1237197688

10.4030286069

21.0995014389

17.2983408445

22.1680663189

17.9067208276

52.6186080313

16.1711775962

12.3720470383

40.4023606428

35.7958111305

20.4213267214

26.3947000096

41.861732099

6.26312544753

29.5180639975

35.5200094887

30.5763056931

18.7144674946

24.9230777421

21.4883519019

28.276811804

20.3877381251

20.2149645272

20.0809538024

27.9027933511

18.5829269581

30.9221117405

33.7523116635

44.2601277888

28.4089866903

26.2129066007

43.2528922343

19.3736020558

23.6674491546

34.5963906302

16.53683664

18.8330262614

24.4510524422

17.4057340394

27.5312688068

25.9456648741

37.6477031682

19.3468321251

30.5357684956

48.5331901803

26.9260385566

31.2076995358

21.3598667991

20.1615897093

10.2220312601

38.473480464

29.6841438372

12.0966683118

22.5870910131

27.7885550472

39.7515451843

41.8792029823

22.0264251857

20.4030088611

21.4234217604

28.2463969489

30.303784255

27.1819124553

48.064786873

37.3817892298

17.513925143

16.4477856325

16.3190741101

20.8367826443

22.045529138

20.4296988831

24.9430305014

26.2629574552

19.8574207749

18.5858677336

7.23281970399

30.3690803685

20.821425806

38.4750815085

20.4656355646

30.6360220764

34.407875409

19.8609772291

31.4901670291

35.5799319486

25.5676855482

24.5920739564

22.5074502778

18.4607263331

23.304851215

21.602487985

23.6313447339

13.5282515934

47.4734006611

22.8300443474

34.4248160261

15.7326084117

21.9216800955

17.689188601

34.6384544515

13.4013552821

28.9310358424

10.5074385473

23.8207603984

31.4783228504

19.9120938241

24.9312304538

36.0445097556

26.415760637

34.3581170021

16.8461562433

19.4154360921

40.3871768585

24.9952198693

18.507577889

24.9397498033

21.5562730478

47.7712045569

16.2423494165

29.8689181702

46.8115382258

37.8734930492

23.8075167338

17.6470992853

21.2071913875

17.1461131408

24.7707515805

21.4738190249

33.5182357693

25.1867380752

58.8672225857

17.1713766828

31.6221247048

16.9478636082

47.2062671989

27.0857903874

18.964206628

13.1086760372

19.9992347321

23.6848037046

56.4302063577

35.7591590332

29.7532247861

24.2252468418

31.3277791091

25.6768638954

17.0446475005

18.8887742933

64.0101932197

20.3140623208

11.2592346899

30.0898122739

17.1190978608

38.6038163772

34.0012125374

27.2132780521

16.289434946

13.8821635638

30.5338991096

20.566475392

35.0734555531

32.2510344541

47.2612410231

50.0839311327

16.7283669966

54.6679851228

19.6543335764

20.9854232207

31.144858271

21.9199554824

18.4362336672

41.7450999588

20.893090734

24.0810836709

26.084158443

15.050347711

21.4141265927

45.1806897821

42.6292555151

24.4104882649

9.86391145061

29.7119820949

33.7837249081

26.0830482599

26.0465664419

25.9157742382

34.6424075414

33.4087378165

23.2540503175

23.5449934891

37.834426182

19.1468468297

34.85185521

22.4677720716

20.3129791304

21.5544730375

46.3655418687

34.4933948314

15.0145472607

40.5594483607

33.5191939268

20.996252841

25.182119785

31.24308362

16.6809732036

35.1190480172

16.7262776391

19.6890378061

62.9107303287

23.9101823479

21.8903091953

29.3229069955

27.0841825406

22.3169715999

59.3292764797

17.7833482941

35.5604021025

51.69858186

32.7728792838

31.6223824785

28.6385474264

19.5346286539

15.3247215075

43.0794476646

32.5839934941

21.6472225986

26.0050573089

59.8694154036

11.7143352264

51.9256133403

21.9807319532

53.1165128045

24.4937227809

19.1107886354

34.9530119092

31.1342659713

18.1409938535

27.1950331099

23.4982272943

25.3775631536

19.5337757346

13.4257699058

21.8803950322

13.4759547258

47.7221895693

15.5628870259

13.8631092897

9.00973002221

19.7952499361

30.9788823016

40.6410418166

62.5713473349

26.0448962335

28.7616792569

11.9355432051

34.798694643

13.491050335

24.3449378747

14.3882026987

26.3238455657

29.316787782

25.2499402305

15.8731023094

47.855255445

24.2825803474

27.7055494064

20.1571713329

28.0527576407

24.7675026566

13.068728188

17.5707918373

17.0070924787

38.7475417632

22.8499138051

26.0467453771

28.745506548

10.5260355252

60.7506318045

71.4464803437

24.1996842411

49.0594978242

27.9897106585

16.3493817425

44.9136353974

23.7485058246

93.5303136438

18.9077618732

28.3543562742

20.889779724

27.5129922138

18.9696925654

33.6829002365

16.7520998823

28.618113893

37.1883500037

20.4273810721

27.2083388123

54.1399834919

36.773395377

21.2663326828

26.5118450793

29.3244181815

32.571217622

29.1787538052

18.6678749954

34.8536283353

23.7185491111

28.8728591746

14.4385381785

58.0171553686

41.8086374166

31.1797644303

17.2657016949

42.7861192089

21.2225864552

35.9666148847

24.9826723835

20.9045695156

15.4726298375

22.5727743238

14.0151497184

9.55111031772

10.7394990487

19.7986473187

19.3559033502

18.6979380813

20.4278740457

30.8039130998

18.4769381205

21.5610474632

34.7667910524

25.2663212417

23.682962129

15.3172025002

30.0523791493

23.6359314084

24.7397772042

42.9819113378

28.6014219958

62.6464379088

19.9082114153

31.2236033214

58.6025896242

21.7920830967

23.863406528

42.3239514616

96.7926679689

19.6051184362

31.2452536837

25.5663062752

18.5192404136

28.1985666868

20.4395761686

17.4118353079

19.6275448426

18.2448112598

17.8421851886

38.647234794

38.3882863131

38.887322772

23.4699396941

16.7846317748

19.6571155157

17.2700726047

24.5289951016

26.4367193966

20.4216150975

16.1562450783

17.0422088954

34.5478579622

21.7692532181

26.6069213988

29.3388311117

20.555501151

16.9394244836

36.4907359773

21.8531997285

24.4510136816

28.5918435793

28.5665134479

38.3703499129

26.0812507383

10.4866367598

33.4345090448

31.8347016858

39.6356884045

52.5156966623

35.4940954183

52.0394420454

23.1568334423

23.7103299437

28.9728429636

17.1978154426

11.4819224704

25.970604823

19.4228898561

27.3348650219

28.8414037711

32.8232192182

29.0883766729

19.8351326328

23.6053403735

26.339388386

46.1264969682

35.80390167

25.1367983177

20.5818360529

34.8610750966

19.9868152417

28.9278632869

24.0568099872

21.0264067975

23.369952093

18.8883991073

21.6032649816

21.9915285004

16.4865171386

8.16197202884

19.4521016477

20.0775285865

13.5568610306

18.8066119021

47.0244394163

52.3222022817

27.5562435409

20.1995139617

29.5637652709

29.8892035661

24.5895808682

39.02867974

33.1636256788

25.333888489

55.7242722792

41.870040151

39.6920218884

26.2318724967

29.0627730632

12.7403562191

48.0860197804

22.7495097961

26.9299939007

19.2274881154

20.8683962193

67.7093595655

22.6209680354

27.6483675112

33.6332788166

32.6047005878

20.7327362363

29.6272010641

30.874141785

22.6135155053

21.0795980014

25.4245742553

25.3608987392

33.4644721473

28.8079170722

47.6708748158

17.995921116

34.3971182986

23.2591158919

25.5242629207

29.2913662589

28.9358236965

10.9226327298

25.6822520081

34.9455480751

6.49815687188

26.2960253464

26.8484408068

45.3208212624

18.4016852064

40.622365073

20.374037101

47.1194192222

25.5546675666

31.4323394345

26.665613022

37.4766620898

31.0043787725

23.4491111451

42.9194211222

35.3567856665

29.221261532

37.3270990264

32.4927920674

24.7439617912

20.4582192226

39.9853313707

17.2649032519

33.9498404799

23.9541421163

43.910657162

26.3469788691

42.0780786266

19.8620625168

13.7455023395

27.2301727003

39.7195302708

25.8548770941

30.9573308365

39.4901162423

18.4908916816

26.680489628

20.1056050942

21.183086227

17.3365527963

25.3712343203

19.5570050718

50.67893231

30.8021412582

27.1828668181

26.2023201019

29.7689294093

39.1980394224

81.9055256967

35.0226172951

33.490131826

29.4971812824

17.6783389521

67.6116714377

51.5444504556

31.6439555319

36.3689576722

30.5011223312

20.6196430978

60.1970880138

40.7644105239

22.3877982766

22.2054059127

18.8882623208

23.9771275963

19.7719815082

17.8179850334

20.0861799451

26.0298447903

23.7395981525

30.3535984813

24.3469235634

15.7664201899

10.3133364515

35.1625128006

23.5604924024

41.9013413529

41.5695765505

32.1227304449

56.3158926898

21.2822025916

22.2655719327

18.622492142

27.4391230111

41.6041770275

39.9233793718

29.2194828789

24.098079698

21.8772941491

27.6966512392

20.6113638061

24.601037489

46.9975668519

15.2859438061

19.1143583754

25.5835694813

25.1620051151

12.195738071

21.157988794

22.6612525423

43.2423361633

16.3075588836

13.489336895

27.5247647822

35.535219048

33.8246873112

44.7206057151

39.0121018803

24.3632909104

15.5636622717

27.4140371199

22.0487654129

31.4600745995

18.9393348163

43.735227408

37.6403312315

19.6770435746

16.3505642319

27.6491536165

18.4629230204

27.3862758712

39.1298974047

44.5995327899

25.9346132242

23.9475021039

35.9137867857

36.3428610723

46.9748577959

21.1467236231

16.999670777

17.9295214367

17.361381259

27.3231905423

36.0582865222

24.198559125

30.6598730562

17.0465094876

26.7559206259

32.5679338896

37.9524324935

24.8023229553

23.222171119

25.3869828938

19.8864932691

46.3076972038

41.6982750404

29.5573997357

29.7584715283

37.2168127188

37.7628717656

19.6313824322

28.2705246559

23.5657037498

36.2488782988

39.9981362577

25.3469087149

20.9378377058

14.605627309

27.7001943678

35.2432702136

23.3310867931

40.6122989943

28.9239406321

16.8054162049

33.1152157401

58.5956003804

35.2048891095

29.3419168486

38.6804869683

51.7633616799

32.4366539787

20.1693205528

15.5003803465

44.732891235

19.6177298978

23.8993135215

31.2849152491

65.1157648059

20.1276188087

36.1331601529

35.5169346008

31.0771712471

43.2860013316

45.8472315144

35.7121066035

20.1106838644

29.7811405046

19.9805814475

24.6857831976

45.7428435609

14.2586919357

14.342435619

38.7851566754

18.9342987131

23.8234030669

23.0539826865

28.7845605644

17.9794777628

11.8945327397

22.2568752546

54.4534371561

19.145242408

25.4752184695

26.6910743687

33.7792631729

21.8848178606

30.284092257

30.3474162346

31.9418356521

37.6565570598

22.1910704352

48.1525922402

30.3556220728

19.3327279479

19.8499964552

19.0768466074

26.3545968568

30.1882319463

29.3475615541

37.9313790468

28.7808961048

41.984445517

21.7178038623

27.2122890075

28.2284303078

27.2720975284

18.6477862678

32.8917130671

20.8461624104

22.16922094

53.4954121974

34.440889336

38.6245058415

48.1133445957

26.5815673411

18.3088699978

54.5381209635

42.2303699408

22.9017333729

52.8227895256

19.1306249525

28.2314819518

31.6951973573

37.9601209401

14.4269124648

16.8653764245

30.0611175668

15.2285500625

29.4752012566

18.4145143341

50.1030746695

23.9693219334

29.6370264329

23.6749900671

28.8297657325

26.0095971606

22.9053295264

24.4811863063

18.4123146528

20.9434359489

26.5358998129

29.6626254951

45.7876289229

41.5927907649

17.6376449765

26.6503625578

27.135774869

33.0437037725

27.3781701859

27.8888752338

21.4275961116

18.9430339352

24.3571228021

17.383797675

26.9806845522

9.31558559499

32.0139989184

43.5755593815

18.3503243385

18.9187777018

17.6645444043

21.5803450291

10.6781368061

11.8831521406

24.2948266465

17.7039364848

30.1195636463

30.4574687454

29.8880297792

15.3590267242

22.0662367659

21.5963096054

30.6017541387

32.6980733247

43.9817529491

24.318241645

13.8739721042

28.7426894864

35.0424874024

14.76725907

25.489375929

19.5719257427

26.7056729085

20.1142258743

51.3381526618

18.8686253793

22.6676815416

43.1869097947

50.5049821779

24.9654098426

26.1341503162

79.3612203595

21.5425059772

39.5969817283

20.954530766

29.1742006157

35.068851517

19.7121897769

30.5243620635

50.3653748697

16.0607995868

24.6965854797

33.8383368546

30.4397720891

12.6666555414

19.3842893232

34.6057439876

13.4146987645

35.4531721544

18.5416202547

34.8244829061

27.4214205379

28.8162689705

25.8717571484

64.336714643

27.797476769

30.2623034561

39.7354260986

17.9165382781

22.5432522375

13.4418249193

43.7103506131

33.5466897696

30.3790530432

24.5989979984

29.4788850088

26.5554762275

9.59350009554

42.4010077557

30.7047139926

47.6217148547

17.3994168741

23.8854787135

34.51586225

27.4834505694

25.0220248388

33.9802555967

25.3443158641

22.598616003

21.5381865212

26.7303689757

30.2032859645

19.2224189345

23.475091623

28.7900070207

38.9657777627

29.8953224197

19.4111590314

11.5852059974

39.0422497071

11.4458279746

17.4873819463

21.0190059159

33.2062735325

40.3719084502

23.9613154183

30.9324351536

27.8231192776

37.9638757611

38.8861753084

30.7649344433

11.1578752482

46.7757433375

56.6476004249

17.6508993605

27.176648859

23.8529807797

37.8764904485

24.5777545166

21.6191735662

40.2884111375

35.1519741737

54.7919483511

28.3570392712

43.4090592802

14.7908638486

47.9431075405

29.5080278868

19.664125476

24.3979138546

20.8822665589

27.8532127131

23.3174603353

31.4926481158

17.5416963937

33.8994095326

16.1970448521

12.9615791641

19.6343828474

29.7616890817

24.6274315373

24.9879731868

55.9454494323

25.3667831892

14.5948039385

29.7263881441

22.0827759481

39.4170773883

24.5331551674

35.4512377318

47.9137488893

24.1605918675

29.3748610674

49.8459471456

44.7112467116

40.0248129529

27.2967813433

22.8298336002

15.6678967805

19.6574890238

27.021018319

37.1645161948

27.7824349335

32.9748306111

40.4954964249

22.880185885

23.6673734197

44.7620593578

24.8771568589

24.2990953401

15.420633252

22.9584909263

20.9443533735

30.1042822934

37.2419079627

29.974711222

20.4002723173

20.2295126824

18.4683184114

14.4868860729

28.7288589553

25.944811206

20.1640845757

31.8760436772

27.9531372883

33.2152300062

18.4080853236

39.819399328

34.5818437496

21.0548889086

26.9764176201

21.7882320305

33.7983583167

26.3132041259

39.9737418284

24.249772077

28.1794021587

31.0727132895

14.7862933483

36.0114323601

13.5722716843

25.3122348564

31.3435193235

28.1616355941

21.9452830029

21.8828373259

28.9245493696

27.1571937687

19.972223591

28.9792331474

16.2109614281

19.1864888143

18.5339209389

42.975523605

16.8481854612

27.9440913125

13.5161064939

19.2128784769

14.88464979

22.40231089

38.2677541555

21.4588273368

26.2294872896

31.8202878851

28.1008265757

47.9885546068

20.5545800924

39.2259643332

59.9257149988

17.7972211929

17.3337897456

31.1313065838

19.616876346

32.5239807927

21.9099998372

29.4961798493

18.5414474589

24.9780038006

15.1334637172

17.7640630078

20.0759354881

30.0284375034

18.8774377586

17.1984515307

49.5072726159

19.7292761278

57.3411580903

53.7244261526

21.32269603

30.1242674422

24.5369053468

20.4041869362

22.8892653188

70.7839006925

22.0754919125

15.8341576694

34.3430195522

27.1145275748

59.5525219175

43.325147078

34.1305252533

49.6140989379

28.5069130902

44.0746585384

62.7151363385

26.966558616

38.7162579047

37.2065755126

15.70527862

30.7594020901

16.3030401266

27.5019613253

27.3185094203

10.5313799973

31.190907729

32.9986623969

12.9257964305

34.1411359859

47.3601767129

19.642247201

45.6315024177

25.4670275684

25.5188922335

13.0570506452

36.2333738719

31.2267211155

53.1692998017

33.0196555632

15.1464251246

44.9850160965

14.4641475174

29.6662934684

12.1065973714

25.0899467636

35.8453342803

30.0077469508

35.2059081895

16.0676913081

39.8175891165

15.2022860692

16.8129735052

20.9702116774

21.9906496634

22.4313564999

41.4561772845

23.790660889

20.0630134401

21.3598292772

37.0840953913

22.4411803611

16.700443311

10.5426636374

21.8310210987

12.6341431665

24.088950765

24.8039021726

22.2828264558

28.6304066643

43.5166996148

30.7065550797

27.9954133933

22.8928111322

25.5134960711

29.0415844742

35.4767839691

14.5952213779

52.0571219187

68.3210395753

26.577983908

33.3973106138

28.7749339721

27.1074914833

22.6849807896

6.12514443388

26.0959474215

6.43331632825

21.7302296468

40.7413481583

25.63669184

36.5204630431

19.7200101456

23.2336565583

17.2309067906

27.3955842393

78.4427716427

16.8349063797

14.2649807209

16.2009338176

20.0778999995

37.2304971984

20.5964680338

30.6590051224

15.6704117637

12.1098779518

8.41400413888

31.0732673601

30.9823300933

31.2147656106

22.0775965913

24.0526253711

40.9496144694

28.066867799

34.3553991723

15.522649414

41.8347686407

31.2494021209

25.4156809116

29.4837977573

24.010063697

9.34493748919

11.7885272567

16.0549784878

18.1961933013

37.9025472886

20.3336967426

28.4645384334

19.1703014241

43.3865382313

30.9190040101

26.177979752

35.9268016661

61.1528633246

29.5307636944

16.7885737259

21.0957813181

22.0887630313

12.2914661131

13.7119360611

36.3003932623

17.2264353701

24.9925898607

11.737261467

32.7703490325

23.4908480598

25.8795076976

15.1917362494

21.8472399545

23.4515929183

22.4205556479

23.6592135117

24.8585914802

27.1631250185

36.6798580702

12.1547751228

28.3651460415

19.0072641059

36.6372700067

24.7493003313

31.5876199578

16.6410699663

30.5078408266

31.2299894656

12.2899365078

13.4567390627

11.2147678765

28.1509260709

23.6959808892

19.0786299347

33.5579547331

37.3847134068

20.3722260756

21.1557712681

23.2728367315

26.12678353

61.0161012378

31.049091243

26.1635128241

29.5610338797

36.2020453615

34.7925559901

32.0577968373

13.2899781623

36.8674337842

32.1454484882

22.6591179865

27.0380705381

52.2140258939

18.0146279838

59.5504582303

18.6083045783

28.0604707706

30.9431906017

84.4128727437

17.740458845

18.0121836929

12.1328455147

35.3984060482

46.4356355449

27.2715502178

25.3676982839

31.8544122224

54.1330681189

25.947560543

41.7637387109

20.8083531368

21.9454021379

32.719684304

30.4735002153

31.8701493466

20.9066553554

31.6606484947

35.1516077155

20.4473226091

16.0979759964

20.3224642948

11.5203151031

22.8765780219

39.1057945991

47.7746770315

33.2962934118

18.0210002789

23.2036664632

15.313668177

35.3402117608

31.308538105

37.2073866123

28.9420600075

41.3638713692

16.6781886764

18.9683149209

18.5652095372

16.3254459437

41.4485199826

29.0499075386

25.0097785632

22.2459443642

19.2921633964

29.5054349888

18.3394514748

42.9885111314

34.2972120014

36.0694732299

21.6047404308

49.8921289691

15.9502734958

18.1482386767

19.9020762807

24.5757273292

19.4459748365

16.2990772034

19.5268619731

22.0482976752

43.2394347311

34.7404683375

23.3494863929

29.8055470116

36.1071480303

18.3698133221

28.9288719827

31.0923829915

67.5402337331

31.7559305629

19.1565362828

19.0559753195

19.2675179503

67.5550863911

22.8664799296

18.8141229519

32.9735040536

19.3562776625

32.9536778815

29.8522766892

22.6924759148

47.0087138513

20.7578815913

31.9502787317

40.5956433406

25.2534710842

54.5503680488

41.7431941493

9.74519582849

30.7945850592

30.8106810901

33.65156858

30.091779407

27.6462934395

28.1243411048

43.1804879785

60.8554578763

36.1767412352

14.8590766604

26.2429444617

25.6269143242

69.4922911235

33.822346889

19.1679116198

34.1014257948

52.4253731773

19.1357007657

12.9657795802

23.2871831168

22.3691794427

24.8000966423

26.6211753563

23.4591609678

27.6411059485

17.9949224574

16.23022175

48.2683573151

21.3042767955

7.35372389817

48.7298361763

52.0171033148

33.7528465006

17.4501584336

16.5245057107

22.0083176693

15.2955599631

26.1640025145

41.8267952603

25.7901724488

31.3987319296

30.679517584

33.3416036405

29.6010489424

35.3960814409

31.1599689531

18.8420879325

40.8481507655

22.943539398

40.2615155785

22.1901519048

23.4478336501

24.8135057755

22.9508945259

35.4372809146

57.3296649029

17.7324867455

46.9702561088

42.8422339026

20.5894357117

13.5399385567

19.6828511655

69.2064791458

44.8844896175

18.719615948

23.6003664133

16.4173505885

24.7708058528

22.5258221512

27.799220915

16.4651976023

26.6406234562

35.0149376637

17.4343004657

28.2124338297

25.3172419696

39.9873333936

19.4948719925

23.5415131416

39.0205065441

16.3156491259

14.5954749618

22.8632987159

19.7482492383

27.7505888444

13.8424563451

27.4700717498

25.3696793993

23.9638684865

13.1176603593

18.4265073519

32.8352561189

14.1934249966

44.8611110225

20.029492374

35.7113113677

11.7654636274

27.3765225213

17.551919124

16.4908093106

12.3215858334

25.699293966

19.5207565972

20.8588295629

23.6696357794

38.1631525981

36.1437630006

17.5670817036

28.1480604414

16.5901650158

29.604664854

36.320283238

15.333081654

15.5998628604

18.2062901185

28.5387008344

39.3387096073

25.2893511578

29.0639212077

36.516406351

39.9957467585

42.5510167843

28.2112494687

21.2608662986

18.0885992049

48.9547080026

49.4428423923

15.4437499446

39.0947867005

30.0594949746

38.1191184822

18.433410052

29.1439314465

28.02238347

16.8458804984

28.1948415784

20.0729729762

10.6648116651

29.5235528683

32.3052937358

14.4639999688

26.3699678555

14.0863394799

27.4152345868

31.6948622727

14.0409633511

27.598297115

26.2343772997

25.9740767091

35.8230772644

22.2094158829

25.4476336231

30.6880579948

19.9990497882

22.2516244296

29.2724622504

32.5858996463

24.4111786115

39.6378197656

15.1114764847

17.3659625468

10.9423969209

43.0856092918

20.903997827

23.6761145683

16.2657189114

26.0086233514

48.0566047464

47.9152480749

8.05252875647

18.6041648728

53.3401429473

10.4638821369

21.2679034855

32.3479767583

16.984197749

34.6508157036

30.7588392028

22.5215374831

38.9159348169

15.6003971842

12.7225091891

29.6986294047

30.8078447818

19.9715531829

25.1369304829

37.3428596906

48.2346710274

36.8667594515

41.192424098

35.7074721751

13.3222750691

49.8490927182

30.3741147008

39.0091754157

28.901460447

15.3473274035

28.9415469133

30.8447701407

26.6721927749

24.433002583

12.1989610465

43.9718623366

30.1922658222

44.6472801435

24.4545840233

24.4743876256

19.7532455653

5.71072312732

20.2540064973

22.2586231237

33.8995523302

23.8783950599

37.7865865416

31.0476735869

16.5072534605

27.3803429627

40.384420028

30.7996583008

17.5402879979

21.3426426694

43.530848968

15.8760799101

20.3964725935

22.6785686513

21.8074781832

27.5363000143

13.6500955677

21.2690525127

23.3763406935

28.236355794

30.640068598

21.6727306763

25.1246198379

29.7568878456

35.7892202

40.3131669455

17.6625720644

17.6576357438

30.6224409893

33.0157013432

36.0583961358

45.0938567632

34.2942125865

18.0238396423

12.9213357634

18.5486903512

25.5996908126

34.8921669114

18.8533669436

32.5172450433

38.7437957531

22.2278564775

42.2673310245

36.4603271492

34.0174548828

49.8214020063

17.4327602623

27.3469633869

36.305594922

17.8279089011

23.7173490855

35.8955053824

17.165085972

18.709857777

22.0512079439

31.8237405181

26.9624662615

20.3507560196

29.9619528082

21.176395851

16.1455611768

21.778616011

27.0331948963

28.9748535387

22.6067661211

13.223058998

12.5782664881

35.6360740645

51.9718726095

33.8990180028

29.3247545552

21.3752851341

102.008941068

44.0146722657

14.9113654781

21.550981864

53.2320920217

29.7518483963

35.1281877656

12.0802009743

16.6311665067

35.6246689002

27.35711036

9.62310928566

32.7037120414

16.1320936263

26.1278109964

50.6590305981

20.6020430259

28.3769524181

20.5088669622

23.5271384082

28.257833812

20.1495728108

27.7717323754

34.829300353

31.4150582212

32.8366359939

26.7002888976

27.2987502062

48.6141285383

41.1933205033

63.2588587165

64.5549018925

11.8086079887

32.8320968601

18.5495336411

52.0445027555

41.5688637209

27.9786919365

40.9218639262

40.5776819341

24.9669255796

30.7067107671

28.0211404161

21.7232463358

28.4809539811

33.5661138962

39.2702687662

24.5681936789

14.4326232188

61.1262287704

44.8777075646

28.2149857991

13.8800495362

24.1836181888

26.5645722943

21.1542268883

20.4715592707

20.1087963069

18.0269600375

21.1312415779

24.0547377943

12.4708091579

32.1740677289

23.9413178141

20.3199593101

32.1644383264

21.8774047909

14.6220843726

16.7707338913

30.6788776051

34.6896205184

36.4011972858

17.2281057866

20.1686641887

25.0539847947

26.4605315174

25.1013907212

19.247832284

50.6715640183

28.7179538419

22.7111306089

21.1398534491

31.7522968319

15.3162550584

20.9845441886

32.9583950624

47.8333830454

26.8699266938

27.4838678106

41.7292269675

40.3758640297

38.6293454281

23.7551744247

25.1395434164

34.9280729462

51.4569413477

32.7047702817

15.2827911556

52.882752155

18.1012976647

26.685352665

76.86954836

37.4646649923

37.401111587

18.3559778644

30.0027498915

24.5205669461

36.4318862269

26.0974650405

16.9265911497

20.5178046753

16.8672653161

19.8381500035

29.2214400163

23.444774201

24.7510303597

30.0633749825

32.508964325

37.404615531

19.871344068

37.2804559122

43.1770893452

21.7563774599

46.0446855208

24.4089194048

30.4012027676

22.6256385488

27.996378604

33.1554673247

55.1840518486

31.2678810888

69.9115775921

33.6647173407

12.7146787765

30.9849335315

37.7914029685

29.69687353

18.3772605251

44.8786372291

19.3996052936

21.2079239009

22.7940087891

14.7859220935

35.3221217679

37.1065438844

19.9814519294

37.5515305294

26.1137491689

18.3667260445

50.3711252916

32.7749201132

42.7985647944

56.4109566181

33.1514634103

18.8369025867

27.2531909608

35.0120451551

23.9065702858

30.6160459461

13.1430397291

16.9231042402

28.7075113741

38.5649705607

17.1989984173

35.9654252822

20.4997577411

14.9138922681

27.6866008825

20.5637598654

24.9439579973

30.4030615518

14.9159151634

32.9950104003

35.6621990043

46.3735147684

44.6353363827

47.5217592996

24.8691447783

28.8716456888

46.6942839399

32.3197295213

26.408869895

39.9890114759

62.3940922642

41.831241852

24.0590966746

39.3628714192

29.7302580475

10.6568969614

21.6264112353

61.3151638079

35.5207425807

13.4011934491

25.4509245509

24.6147849227

34.9603923731

25.1481720521

17.4895741075

29.8913792471

38.5062419319

33.1850756009

46.6449781474

33.0118549794

34.70726624

19.6285267137

34.3434092433

23.5439947413

26.7315156446

22.2302212409

16.5776883117

15.7018011928

42.050683642

30.4224749173

16.7914709105

26.2006829648

30.8723153162

79.0845624036

35.6090240086

25.8424604063

19.169436054

34.3924422519

37.9629503966

24.9397898261

18.0966317647

14.1606875819

44.225908624

43.7355047533

22.8540971224

16.3066040199

44.3678117007

30.9984973889

22.0457451098

21.6691171262

32.1994091225

19.7274005808

22.0482586744

26.5667414937

38.499708531

33.0900908551

15.5970027717

24.9419605726

13.4165112707

33.9750400059

20.8242916011

48.8020076266

22.4964130386

31.2420709486

11.729609732

20.3247116009

51.4713255824

33.6484505395

34.0997840502

26.2969914095

21.7817264236

40.5234698197

27.161024891

30.4818157721

20.8683710434

26.8476183887

26.4378441796

20.2358321771

41.7024494374

42.3320911847

24.7964620702

14.8442183378

23.6061878927

23.0757161283

23.3731143918

39.5910533202

23.7426405848

34.7718249102

31.3781174411

18.8511064936

25.8755651861

20.3514229202

28.7866755595

39.5284377119

17.1943722457

38.4691474492

21.3431691236

61.1756264563

15.8562545551

9.35302778652

26.5123268793

15.1906721544

25.1019013768

21.9098370546

29.8183282556

17.7111945725

21.7041659522

25.8339152252

11.3777204054

49.4312290165

22.5268628267

21.2971348456

41.0661788848

19.7401690702

28.5413006681

35.0221223407

15.5782575506

20.4614922864

24.5193578919

22.9655506983

26.9245345793

26.2406518457

20.3200391226

56.0259657605

28.6917788079

20.0342630129

49.5034938593

20.2377307667

27.3468784162

39.2831437372

16.2019042637

24.4805304237

19.0434675688

14.5242689563

22.0055063816

26.1129677565

33.7453261271

26.4265127834

34.3829740574

27.4418724886

33.8678420748

21.7907272141

42.7831115745

20.0397486928

25.50750605

34.2261611601

49.2071633476

39.2887469187

26.7507457867

17.5340460028

40.0435152866

36.5923767073

38.8941633354

38.2589209869

45.25655371

32.9522487931

26.3214545416

33.7119411338

22.1606444583

25.4771636631

26.8358227794

25.4604153036

24.2624939918

14.5643668504

36.4687994703

20.3130392443

30.0537121484

29.3184217469

22.2066569971

27.0477071141

51.3388918445

37.9977830928

18.5703319311

24.1853228192

29.6256307522

17.0171721656

25.4411658374

16.1140119239

34.9520340685

34.4987003928

15.2094884127

31.1788372946

44.088091479

35.0370249612

19.6731827872

34.3536298094

33.6963067995

18.0853736967

28.031179672

25.3813914424

41.5374509444

28.9571625532

38.5000192259

33.9866102847

30.727567315

30.1748373635

31.823140201

35.5443576848

13.3861346957

33.9872793732

42.9268460857

28.0743515825

49.2322844779

27.1730849938

32.286043258

33.9843733278

28.2977987225

29.068204589

26.4696446106

37.0423976367

60.2667892468

34.6725424055

29.6631181825

45.5817140161

16.7631917908

25.5880896217

26.5471314852

24.7117775422

20.9554601503

22.3346781914

44.2458823499

40.0404194764

23.1293670391

20.2150284719

21.2557905817

22.5018354035

30.1653424751

24.4650077992

17.6360983611

41.8566467471

52.962687075

32.4253394259

35.5636492025

22.2587305066

25.799343543

5.4769305857

35.668976075

45.5882108636

28.4590373842

22.4283538519

34.3984139242

18.412876335

33.0834762685

24.7183049456

27.122008848

52.3091243181

23.4967320396

22.4401227034

24.4583523609

21.6433002338

30.6642182674

17.8728627942

24.557499292

44.8468570506

25.014369286

52.3732180348

29.7615886454

22.6568377476

24.0995872767

13.0217908766

14.8053970103

30.0849972541

25.9602520428

25.4270510739

51.4987218643

35.5861286628

19.9020209747

16.9641024208

32.7392830925

42.969200759

22.556612418

40.2969318582

22.5457253645

42.2654790104

27.0612256669

37.3972211022

22.2355297227

29.4893307639

14.5534251582

45.6433726439

21.1728007658

14.3244746275

32.0513964116

51.8766384158

33.6578138469

30.1514201307

29.7496052241

20.941020451

27.6089261192

33.8983974567

16.8132294294

14.4088522605

61.8828135758

30.7852103681

30.2984080301

21.9855567927

25.3046562365

15.4036804549

17.5815640183

28.9638378014

39.4472134757

20.5393968006

25.19273299

30.2228105795

52.5231238201

54.4680079537

28.2673950785

34.6275685783

34.447164573

25.9748836165

25.174564574

17.6575420627

33.6304168712

23.4935340872

26.0577886295

31.6054674969

42.0769326781

50.0241764445

22.5032568213

18.8600046173

21.5100696429

27.704566847

42.0726332702

23.9891099755

27.4147278865

46.1469415902

20.6023165357

34.4609121815

21.4266185392

33.5748183691

28.8930291325

21.3886989994

15.8521238297

21.1714302548

24.4557726678

47.48344355

48.6341049836

30.5358197268

19.021881994

21.7709232815

29.0275633909

